Carach Angren  (4462,2734)  (4462,2694)  (4422,2714)  (4502,2714)  (4413,2754)  (4512,2754)  (4442,2794)  (4482,2794) 
Nan Curunír  (2809,2335)  (2802,2295)  (2769,2335)  (2842,2295)  (2849,2345)  (2759,2385)  (2762,2285)  (2799,2375) 
Adorn  (2450,2653)  (2410,2684)  (2410,2644)  (2489,2693)  (2450,2613)  (2490,2613)  (2490,2653)  (2400,2604)  (2370,2688)  (2370,2648)  (2529,2693)  (2530,2634)  (2360,2608)  (2330,2671)  (2320,2612)  (2280,2597) 
sz 18  (188,1837)  (148,1876)  (148,1836)  (227,1877)  (188,1797)  (228,1797)  (228,1837)  (146,1796)  (187,1916)  (147,1916)  (108,1876)  (108,1836)  (267,1877)  (267,1917)  (227,1917)  (107,1917)  (186,1757)  (226,1757)  (266,1757)  (268,1797)  (268,1837)  (106,1796)  (106,1756)  (146,1756)  (306,1719)  (187,1956)  (147,1956)  (68,1877)  (68,1837)  (307,1877)  (307,1917)  (307,1957)  (267,1957)  (227,1957)  (107,1957)  (67,1957)  (67,1917)  (186,1717)  (226,1717)  (266,1717)  (308,1759)  (308,1799)  (66,1797)  (66,1757)  (66,1717)  (106,1716)  (146,1716)  (306,1679)  (346,1694)  (187,1996)  (147,1996)  (28,1877)  (28,1837) 
sz 19  (1155,2578)  (1115,2617)  (1115,2577)  (1194,2618)  (1155,2538)  (1195,2538)  (1195,2578)  (1113,2537)  (1154,2657)  (1114,2657)  (1075,2617)  (1075,2577)  (1234,2618)  (1234,2658)  (1194,2658)  (1074,2658)  (1153,2498)  (1193,2498)  (1233,2498)  (1235,2538)  (1235,2578)  (1073,2537)  (1073,2497)  (1113,2497)  (1273,2460)  (1154,2697)  (1114,2697)  (1035,2618)  (1035,2578)  (1274,2618)  (1274,2658)  (1274,2698)  (1234,2698)  (1194,2698)  (1074,2698)  (1034,2698)  (1034,2658)  (1153,2458)  (1193,2458)  (1233,2458)  (1275,2500)  (1275,2540)  (1033,2538)  (1033,2498)  (1033,2458)  (1073,2457)  (1113,2457)  (1273,2420)  (1313,2447)  (1154,2737)  (1114,2737)  (995,2618)  (995,2578) 
Last Bridge  (2737,915)  (2737,875)  (2737,955)  (2697,895)  (2697,935)  (2777,895)  (2777,935) 
Emyn Arnen  (4153,3175)  (4193,3175)  (4163,3135)  (4183,3215)  (4143,3215)  (4223,3215)  (4193,3255)  (4233,3255) 
sz Isen  (2034,2529)  (1994,2536)  (1954,2547)  (2160,2554)  (2200,2555) 
North Arnor  (2007,188)  (1967,227)  (1967,187)  (2046,228)  (2007,148)  (2047,148)  (2047,188)  (1965,147)  (2006,267)  (1927,241)  (1927,201)  (2086,228)  (2005,108)  (2045,108)  (2085,108)  (2087,148)  (2087,188)  (1925,161)  (1960,107)  (1887,231)  (2126,228)  (2000,68)  (2040,68)  (2127,135)  (2127,175)  (1885,191)  (1885,151)  (2166,215)  (2166,255)  (1845,177) 
sz 21  (1589,4036)  (1549,4075)  (1549,4035)  (1628,4076)  (1589,3996)  (1629,3996)  (1629,4036)  (1547,3995)  (1588,4115)  (1548,4115)  (1509,4075)  (1509,4035)  (1668,4076)  (1668,4116)  (1628,4116)  (1508,4116)  (1587,3956)  (1627,3956)  (1667,3956)  (1669,3996)  (1669,4036)  (1507,3995)  (1507,3955)  (1547,3955)  (1707,3918)  (1588,4155)  (1548,4155)  (1469,4076)  (1469,4036)  (1708,4076)  (1708,4116)  (1708,4156)  (1668,4156)  (1628,4156)  (1508,4156)  (1468,4156)  (1468,4116)  (1587,3916)  (1627,3916)  (1667,3916)  (1709,3958)  (1709,3998)  (1467,3996)  (1467,3956)  (1467,3916)  (1507,3915)  (1547,3915)  (1707,3878)  (1747,3878)  (1747,3918)  (1588,4195)  (1548,4195)  (1429,4076)  (1429,4036) 
sz 22  (2533,3928)  (2493,3967)  (2493,3927)  (2572,3968)  (2533,3888)  (2573,3888)  (2573,3928)  (2491,3887)  (2532,4007)  (2492,4007)  (2453,3967)  (2453,3927)  (2612,3968)  (2612,4008)  (2572,4008)  (2452,4008)  (2531,3848)  (2571,3848)  (2611,3848)  (2613,3888)  (2613,3928)  (2451,3887)  (2451,3847)  (2491,3847)  (2651,3810)  (2532,4047)  (2492,4047)  (2413,3968)  (2413,3928)  (2652,3968)  (2652,4008)  (2652,4048)  (2612,4048)  (2572,4048)  (2452,4048)  (2412,4048)  (2412,4008)  (2531,3808)  (2571,3808)  (2611,3808)  (2653,3850)  (2653,3890)  (2411,3888)  (2411,3848)  (2411,3808)  (2451,3807)  (2491,3807)  (2651,3770)  (2691,3770)  (2691,3810)  (2532,4087)  (2492,4087)  (2373,3968)  (2373,3928) 
sz 23  (2962,4167)  (2922,4206)  (2922,4166)  (3001,4207)  (2962,4127)  (3002,4127)  (3002,4167)  (2920,4126)  (2961,4246)  (2921,4246)  (2882,4206)  (2882,4166)  (3041,4207)  (3041,4247)  (3001,4247)  (2881,4247)  (2960,4087)  (3000,4087)  (3040,4087)  (3042,4127)  (3042,4167)  (2880,4126)  (2880,4086)  (2920,4086)  (3080,4049)  (2961,4286)  (2921,4286)  (2842,4207)  (2842,4167)  (3081,4207)  (3081,4247)  (3081,4287)  (3041,4287)  (3001,4287)  (2881,4287)  (2841,4287)  (2841,4247)  (2960,4047)  (3000,4047)  (3040,4047)  (3082,4089)  (3082,4129)  (2840,4127)  (2840,4087)  (2840,4047)  (2880,4046)  (2920,4046)  (3080,4009)  (3120,4009)  (3120,4049)  (2961,4326)  (2921,4326)  (2802,4207)  (2802,4167) 
sz 24  (2309,4642)  (2269,4681)  (2269,4641)  (2348,4682)  (2309,4602)  (2349,4602)  (2349,4642)  (2267,4601)  (2308,4721)  (2268,4721)  (2229,4681)  (2229,4641)  (2388,4682)  (2388,4722)  (2348,4722)  (2228,4722)  (2307,4562)  (2347,4562)  (2387,4562)  (2389,4602)  (2389,4642)  (2227,4601)  (2227,4561)  (2267,4561)  (2427,4524)  (2308,4761)  (2268,4761)  (2189,4682)  (2189,4642)  (2428,4682)  (2428,4722)  (2428,4762)  (2388,4762)  (2348,4762)  (2228,4762)  (2188,4762)  (2188,4722)  (2307,4522)  (2347,4522)  (2387,4522)  (2429,4564)  (2429,4604)  (2187,4602)  (2187,4562)  (2187,4522)  (2227,4521)  (2267,4521)  (2427,4484)  (2467,4484)  (2467,4524)  (2308,4801)  (2268,4801)  (2149,4682)  (2149,4642) 
sz 20  (1093,3195)  (1053,3234)  (1053,3194)  (1132,3235)  (1093,3155)  (1133,3155)  (1133,3195)  (1051,3154)  (1092,3274)  (1052,3274)  (1013,3234)  (1013,3194)  (1172,3235)  (1172,3275)  (1132,3275)  (1012,3275)  (1091,3115)  (1131,3115)  (1171,3115)  (1173,3155)  (1173,3195)  (1011,3154)  (1011,3114)  (1051,3114)  (1211,3077)  (1092,3314)  (1052,3314)  (973,3235)  (973,3195)  (1212,3235)  (1212,3275)  (1212,3315)  (1172,3315)  (1132,3315)  (1012,3315)  (972,3315)  (972,3275)  (1091,3075)  (1131,3075)  (1171,3075)  (1213,3117)  (1213,3157)  (971,3155)  (971,3115)  (971,3075)  (1011,3074)  (1051,3074)  (1211,3037)  (1251,3037)  (1251,3077)  (1092,3354)  (1052,3354)  (933,3235)  (933,3195) 
Harad Road  (4101,3746)  (4061,3785)  (4061,3745)  (4140,3786)  (4101,3706)  (4141,3706)  (4141,3746)  (4059,3705)  (4100,3825)  (4060,3825)  (4021,3785)  (4021,3745)  (4180,3786)  (4099,3666)  (4139,3666)  (4179,3666)  (4181,3706)  (4181,3746)  (3981,3780)  (3981,3740)  (4221,3670)  (4221,3710)  (4221,3750) 
Eastfold  (3321,2621)  (3281,2660)  (3281,2620)  (3360,2661)  (3321,2581)  (3361,2592)  (3241,2613)  (3400,2632) 
Gladden Fields  (3466,1181)  (3506,1172)  (3506,1212)  (3466,1221)  (3477,1132)  (3437,1141)  (3517,1132)  (3506,1092)  (3506,1252)  (3426,1192)  (3397,1152)  (3466,1261)  (3506,1292) 
Carn Dûm  (2584,98)  (2544,122)  (2624,122)  (2535,162)  (2634,162)  (2584,142)  (2564,202)  (2604,202) 
West Iron Hills  (4706,500)  (4746,530)  (4746,490)  (4786,520)  (4826,530)  (4786,480)  (4826,490)  (4866,520)  (4666,470)  (4906,540)  (4666,510)  (4706,540)  (4626,480)  (4626,440)  (4946,550)  (4786,560)  (4826,570)  (4866,560)  (4986,560) 
Linhir  (3376,3323)  (3336,3347)  (3416,3347)  (3326,3387)  (3427,3387)  (3376,3377)  (3356,3427)  (3396,3427) 
Celebdil  (2844,1676)  (2884,1644)  (2821,1636)  (2844,1716)  (2884,1704) 
Morannon  (4270,2540)  (4310,2520)  (4250,2580)  (4310,2580)  (4350,2560)  (4290,2620)  (4330,2620) 
Halifirien  (3308,2888)  (3268,2886)  (3339,2928)  (3265,2846) 
Lamedon  (3305,3047)  (3283,3087)  (3285,3007)  (3345,3012)  (3345,3052) 
Old Winyards  (1546,1249)  (1506,1288)  (1585,1289)  (1528,1209)  (1568,1209)  (1586,1249)  (1543,1169) 
South Harlindon  (877,1639)  (837,1678)  (837,1638)  (916,1679)  (877,1599)  (917,1599)  (917,1639)  (835,1598)  (870,1718)  (797,1704)  (797,1664)  (956,1679)  (956,1719)  (875,1559)  (957,1623)  (795,1624)  (795,1584)  (835,1558)  (781,1544)  (757,1684)  (996,1663)  (996,1703)  (996,1743)  (755,1644)  (755,1604)  (821,1518)  (741,1564)  (1036,1644)  (1036,1684) 
Eryn Galen  (4132,1103)  (4092,1142)  (4092,1102)  (4171,1143)  (4132,1063)  (4172,1063)  (4172,1103)  (4090,1062)  (4131,1182)  (4091,1182)  (4211,1143)  (4211,1183)  (4171,1183)  (4130,1023)  (4170,1023)  (4050,1059)  (4090,1022)  (4047,1019)  (4131,1222)  (4091,1222)  (4251,1172) 
Bruinen Bank  (3032,1114)  (3072,1114)  (3062,1074)  (2992,1135)  (3032,1154)  (3102,1074)  (2992,1175)  (3142,1084) 
Glanduin  (2765,1788)  (2805,1788)  (2790,1748)  (2779,1828)  (2739,1828)  (2750,1748)  (2819,1828)  (2779,1708)  (2725,1788)  (2756,1868)  (2739,1708)  (2716,1868)  (2796,1868)  (2836,1868)  (2769,1908) 
Gladden River  (3294,1259)  (3334,1250)  (3294,1219)  (3254,1230)  (3354,1210)  (3374,1250)  (3214,1239)  (3314,1299)  (3354,1290) 
Falls of Rauros  (3769,2519)  (3729,2546)  (3729,2506)  (3803,2559)  (3769,2479)  (3809,2485) 
North Undeep  (3806,1931)  (3766,1970)  (3766,1930)  (3845,1971)  (3806,1891)  (3846,1891)  (3846,1931)  (3764,1890)  (3805,2010)  (3726,1974)  (3726,1934)  (3885,1971)  (3885,2011)  (3845,2011)  (3804,1851)  (3844,1851)  (3884,1851)  (3886,1891)  (3886,1931)  (3724,1894)  (3724,1854)  (3764,1850)  (3925,1971)  (3925,2011)  (3926,1866)  (3926,1906)  (3684,1905)  (3684,1865)  (3966,1924) 
Entwade  (3438,2563)  (3398,2548)  (3478,2561)  (3478,2601)  (3382,2508)  (3422,2508)  (3518,2569)  (3518,2609)  (3342,2520)  (3342,2480)  (3558,2598) 
sz Mitheithel 1  (2733,1062)  (2724,1163) 
South Forodwaith  (4888,305)  (4848,344)  (4848,304)  (4927,345)  (4888,265)  (4928,265)  (4928,305)  (4846,264)  (4884,384)  (4844,384)  (4808,344)  (4808,304)  (4886,225)  (4926,225)  (4966,225)  (4968,265)  (4968,305)  (4806,264)  (4830,224)  (4804,388)  (4772,224)  (5006,187)  (4874,424)  (4768,348)  (4768,308)  (5008,227)  (5008,267)  (5008,307)  (4766,268)  (4764,395)  (5018,347)  (4732,228)  (5046,183)  (4728,355)  (4728,315)  (5048,223)  (5048,263)  (5048,303)  (4726,275)  (4724,400)  (5058,343)  (5063,383)  (5074,423)  (4692,235)  (5086,175)  (4688,360)  (4688,320)  (5088,215)  (5088,255)  (5088,295)  (4686,280) 
sz Mitheithel 2  (2841,710) 
Amon Dîn  (3484,2959)  (3444,2987)  (3444,2947)  (3523,2999)  (3524,2933)  (3404,2975)  (3404,2935)  (3563,2973)  (3563,3013)  (3564,2933) 
Celos  (3938,3313)  (3922,3353)  (3898,3313)  (3908,3273)  (3948,3273)  (3962,3353)  (3978,3313)  (3938,3393) 
South Cardolan  (2110,1619)  (2070,1658)  (2070,1618)  (2149,1659)  (2110,1579)  (2150,1579)  (2150,1619)  (2068,1578)  (2109,1698)  (2069,1698)  (2030,1630)  (2189,1659)  (2163,1699)  (2108,1539)  (2148,1539)  (2190,1592)  (2028,1590)  (2028,1550)  (2068,1538)  (2123,1738)  (2083,1738)  (2229,1632)  (2108,1499)  (2148,1499) 
Hithaeglir  (3184,1143)  (3234,1166)  (3133,1166)  (3286,1166)  (3326,1151)  (3120,1206)  (3080,1191)  (3173,1183) 
Ethir Anduin  (3616,3422)  (3656,3411)  (3656,3451)  (3616,3462)  (3696,3440)  (3576,3451)  (3696,3400)  (3576,3411)  (3576,3491)  (3616,3382)  (3536,3502)  (3656,3371)  (3736,3461) 
Pelargir  (3835,3366)  (3795,3391)  (3875,3391)  (3785,3431)  (3885,3431)  (3835,3421)  (3815,3471)  (3855,3471) 
Ered Mithrin  (3920,218)  (3880,256)  (3880,216)  (3959,258)  (3920,178)  (3960,178)  (3960,218)  (4000,163)  (4000,203) 
Morgai  (4394,2868)  (4434,2852)  (4382,2828)  (4394,2908)  (4354,2892)  (4342,2852)  (4474,2857)  (4434,2892)  (4474,2908) 
Grey Mountains  (3569,236)  (3529,269)  (3529,229)  (3609,207)  (3609,247)  (3489,272)  (3489,232)  (3649,199)  (3649,239)  (3449,283)  (3449,243) 
Folde  (3300,2755)  (3260,2786)  (3260,2746)  (3334,2795)  (3300,2715)  (3340,2718) 
North Umbar  (3317,4633)  (3317,4593)  (3277,4613)  (3277,4653)  (3317,4673)  (3357,4653)  (3357,4613)  (3357,4693)  (3397,4673)  (3397,4633)  (3437,4653)  (3437,4613)  (3397,4593)  (3357,4573)  (3317,4553)  (3277,4573)  (3357,4533)  (3397,4553)  (3437,4573)  (3437,4533)  (3397,4513) 
North Emyn Uial  (1519,405)  (1479,436)  (1479,396)  (1558,445)  (1519,365)  (1559,365)  (1559,405)  (1469,356)  (1518,476)  (1568,485)  (1509,325)  (1549,325)  (1454,316)  (1528,516) 
Langwell  (3286,396)  (3246,411)  (3246,371)  (3325,436)  (3286,356)  (3326,367)  (3285,451)  (3220,331) 
Ettenmoors  (2844,435)  (2804,453)  (2804,413)  (2883,475)  (2884,409)  (2781,373)  (2764,445)  (2923,450)  (2942,490) 
Ras Morthil  (2049,3002)  (2009,3041)  (2088,3042)  (2036,2962)  (2076,2962)  (2089,3002)  (2116,2935)  (2048,3081)  (2008,3081)  (2032,2922)  (2072,2922)  (2112,2895)  (2152,2895)  (2156,2935)  (2079,3121)  (2039,3121)  (1999,3121)  (2071,2882)  (1959,3137)  (2111,2855)  (2062,3161)  (2022,3161) 
Forlond  (509,906)  (469,937)  (469,897)  (538,946)  (509,866)  (549,875) 
Redhorn Gate  (2995,1473)  (2955,1482)  (3031,1513)  (2970,1433)  (3010,1433)  (3035,1473)  (2991,1522) 
Langstrand  (2844,3275)  (2804,3295)  (2884,3240)  (2884,3280)  (2768,3255)  (2924,3211)  (2924,3251)  (2728,3282)  (2728,3242)  (2964,3214)  (2964,3254)  (2688,3287)  (2688,3247)  (2676,3207)  (2636,3233) 
Nimrodel  (3040,1721)  (2985,1694)  (3025,1681)  (3000,1734)  (2985,1654)  (2945,1670)  (3080,1707)  (3080,1747)  (3120,1731) 
sz Nenuial  (1685,491)  (1645,500)  (1692,451)  (1725,491)  (1732,444) 
Moria  (2874,1548)  (2841,1508)  (2906,1508)  (2825,1548)  (2924,1548)  (2854,1588)  (2894,1588) 
Upper Lefnui  (2245,3051)  (2205,3090)  (2205,3050)  (2284,3091)  (2245,3011)  (2285,3011)  (2285,3051)  (2203,3010)  (2244,3130)  (2204,3130)  (2165,3090)  (2165,3050)  (2324,3091)  (2319,3131)  (2164,3131)  (2243,2971)  (2283,2971)  (2325,3013)  (2163,3010)  (2232,2931)  (2272,2931)  (2312,2931) 
Near Harad  (4838,4178)  (4798,4217)  (4798,4177)  (4877,4218)  (4838,4138)  (4878,4138)  (4878,4178)  (4796,4137)  (4837,4257)  (4797,4257)  (4758,4217)  (4758,4177)  (4917,4218)  (4917,4258)  (4877,4258)  (4757,4258)  (4836,4098)  (4876,4098)  (4916,4098)  (4918,4138)  (4918,4178)  (4756,4137)  (4756,4097)  (4796,4097)  (4956,4060)  (4837,4297)  (4797,4297)  (4718,4218)  (4718,4178)  (4957,4218)  (4957,4258)  (4957,4298)  (4917,4298)  (4877,4298)  (4757,4298)  (4717,4298)  (4717,4258)  (4836,4058)  (4876,4058)  (4916,4058)  (4958,4100)  (4958,4140)  (4716,4138)  (4716,4098)  (4716,4058)  (4756,4057)  (4796,4057)  (4956,4020)  (4996,4020)  (4996,4060)  (4837,4337)  (4797,4337)  (4678,4218)  (4678,4178) 
sz 7  (1384,3599)  (1344,3638)  (1344,3598)  (1423,3639)  (1384,3559)  (1424,3559)  (1424,3599)  (1342,3558)  (1383,3678)  (1343,3678)  (1304,3638)  (1304,3598)  (1463,3639)  (1463,3679)  (1423,3679)  (1303,3679)  (1382,3519)  (1422,3519)  (1462,3519)  (1464,3559)  (1464,3599)  (1302,3558)  (1302,3518)  (1342,3518)  (1383,3718)  (1343,3718)  (1503,3639)  (1503,3679)  (1503,3719)  (1463,3719)  (1423,3719)  (1382,3479)  (1422,3479)  (1504,3572)  (1263,3478)  (1303,3478)  (1543,3612)  (1543,3652)  (1543,3692)  (1543,3732)  (1503,3759)  (1463,3759)  (1343,3439)  (1262,3438)  (1302,3438)  (1546,3772) 
sz 8  (1578,3250)  (1538,3289)  (1538,3249)  (1617,3290)  (1578,3210)  (1618,3210)  (1618,3250)  (1536,3209)  (1577,3329)  (1537,3329)  (1498,3289)  (1498,3249)  (1657,3290)  (1657,3330)  (1617,3330)  (1497,3330)  (1576,3170)  (1616,3170)  (1656,3170)  (1658,3210)  (1658,3250)  (1496,3209)  (1497,3169)  (1696,3132)  (1577,3369)  (1537,3369)  (1458,3290)  (1458,3250)  (1697,3290)  (1676,3370)  (1636,3370)  (1497,3370)  (1457,3370)  (1457,3330)  (1541,3130)  (1581,3130)  (1621,3130)  (1698,3172)  (1698,3212)  (1456,3210)  (1661,3092)  (1701,3092)  (1736,3132)  (1596,3409)  (1556,3409)  (1418,3290)  (1418,3250)  (1737,3252)  (1516,3410)  (1476,3410)  (1436,3410)  (1417,3370)  (1417,3330) 
sz 5  (3027,3746)  (2987,3785)  (2987,3745)  (3066,3786)  (3027,3706)  (3067,3706)  (3067,3746)  (2985,3705)  (3026,3825)  (2986,3825)  (2947,3785)  (2947,3745)  (3106,3786)  (3106,3826)  (3066,3826)  (2946,3826)  (3025,3666)  (3065,3666)  (3105,3666)  (3107,3706)  (3107,3746)  (2945,3705)  (2945,3665)  (2985,3665)  (3026,3865)  (2986,3865)  (2907,3786)  (2907,3746)  (3146,3786)  (3146,3826)  (3109,3866)  (3069,3866)  (2946,3866)  (2906,3866)  (2906,3826)  (3025,3626)  (3065,3626)  (3147,3715)  (2905,3706)  (2905,3666)  (2905,3626)  (2945,3625)  (2985,3625)  (2867,3781)  (3186,3755)  (3186,3795)  (2865,3741)  (2865,3701)  (2865,3661)  (2911,3585)  (2951,3585)  (2991,3585) 
sz Belegaer  (552,4589)  (512,4628)  (512,4588)  (591,4629)  (552,4549)  (592,4549)  (592,4589)  (510,4548)  (551,4668)  (511,4668)  (472,4628)  (472,4588)  (631,4629)  (631,4669)  (591,4669)  (471,4669)  (550,4509)  (590,4509)  (630,4509)  (632,4549)  (632,4589)  (470,4548)  (470,4508)  (510,4508)  (670,4471)  (551,4708)  (511,4708)  (432,4629)  (432,4589)  (671,4629)  (671,4669)  (671,4709)  (631,4709)  (591,4709)  (471,4709)  (431,4709)  (431,4669)  (550,4469)  (590,4469)  (630,4469)  (672,4511)  (672,4551)  (430,4549)  (430,4509)  (430,4469)  (470,4468)  (510,4468)  (670,4431)  (710,4431)  (710,4471)  (551,4748)  (511,4748)  (392,4629)  (392,4589) 
sz 6  (1969,3632)  (1929,3671)  (1929,3631)  (2008,3672)  (1969,3592)  (2009,3592)  (2009,3632)  (1927,3591)  (1968,3711)  (1928,3711)  (1889,3671)  (1889,3631)  (2048,3672)  (2048,3712)  (2008,3712)  (1888,3712)  (1967,3552)  (2007,3552)  (2047,3552)  (2049,3592)  (2049,3632)  (1887,3591)  (1887,3551)  (1927,3551)  (2087,3514)  (1968,3751)  (1928,3751)  (1849,3672)  (1849,3632)  (2088,3672)  (2088,3712)  (2088,3752)  (2048,3752)  (2008,3752)  (1888,3752)  (1848,3752)  (1848,3712)  (1967,3512)  (2007,3512)  (2047,3512)  (2089,3554)  (2089,3594)  (1847,3592)  (1847,3552)  (1847,3512)  (1887,3511)  (1927,3511)  (2101,3474)  (2127,3514)  (1968,3791)  (1928,3791)  (1809,3672)  (1809,3632) 
sz 3  (3301,4245)  (3261,4284)  (3261,4244)  (3340,4285)  (3301,4205)  (3341,4205)  (3341,4245)  (3259,4204)  (3300,4324)  (3260,4324)  (3221,4284)  (3221,4244)  (3380,4285)  (3367,4325)  (3220,4325)  (3299,4165)  (3339,4165)  (3379,4165)  (3381,4205)  (3381,4245)  (3249,4164)  (3419,4127)  (3296,4364)  (3420,4285)  (3289,4125)  (3329,4125)  (3369,4125)  (3421,4167)  (3421,4207)  (3461,4222)  (3501,4226)  (3541,4238)  (3581,4245) 
sz 4  (3320,3943)  (3280,3982)  (3280,3942)  (3359,3983)  (3320,3903)  (3360,3903)  (3360,3943)  (3278,3902)  (3319,4022)  (3279,4022)  (3240,3982)  (3240,3942)  (3399,3983)  (3399,4023)  (3359,4023)  (3239,4023)  (3318,3863)  (3358,3863)  (3400,3866)  (3400,3906)  (3238,3902)  (3238,3862)  (3278,3862)  (3319,4062)  (3279,4062)  (3200,3965)  (3439,3946)  (3439,3986)  (3318,3823)  (3358,3823)  (3198,3925)  (3198,3885)  (3261,3822) 
South Rhovanion  (4496,1663)  (4515,1707)  (4471,1707)  (4540,1653)  (4559,1697)  (4515,1609)  (4471,1619)  (4452,1663)  (4496,1565)  (4452,1575)  (4408,1678)  (4427,1722)  (4603,1678)  (4584,1634)  (4471,1521)  (4427,1531)  (4427,1619)  (4383,1634)  (4383,1590)  (4383,1546)  (4339,1565)  (4339,1609)  (4339,1653)  (4364,1697)  (4383,1741)  (4427,1766)  (4471,1751)  (4515,1751)  (4559,1741)  (4603,1722)  (4603,1766) 
sz 1  (2753,4834)  (2713,4873)  (2713,4833)  (2792,4874)  (2753,4794)  (2793,4794)  (2793,4834)  (2711,4793)  (2752,4913)  (2712,4913)  (2673,4873)  (2673,4833)  (2832,4874)  (2832,4914)  (2792,4914)  (2672,4914)  (2751,4754)  (2791,4754)  (2831,4754)  (2833,4794)  (2833,4834)  (2671,4793)  (2671,4753)  (2711,4753)  (2871,4716)  (2752,4953)  (2712,4953)  (2837,4954)  (2797,4954)  (2672,4954)  (2632,4954)  (2632,4914)  (2751,4714)  (2791,4714)  (2831,4714)  (2641,4713)  (2681,4713)  (2871,4676)  (2757,4993)  (2717,4993)  (2831,4994)  (2677,4994)  (2637,4994)  (2597,4994)  (2721,4674)  (2761,4674)  (2801,4674)  (2637,4673)  (2677,4673)  (2911,4666)  (2557,5029) 
sz 2  (3080,4487)  (3040,4526)  (3040,4486)  (3119,4527)  (3080,4447)  (3120,4447)  (3120,4487)  (3038,4446)  (3079,4566)  (3039,4566)  (3000,4526)  (3000,4486)  (3134,4567)  (2999,4567)  (3081,4407)  (3121,4407)  (3160,4447)  (3160,4487)  (3161,4406)  (2960,4527)  (2960,4487)  (3011,4607)  (2971,4607)  (2959,4567)  (3200,4446)  (3150,4366)  (3201,4382)  (2920,4527)  (3240,4422) 
sz Lower Anduin 1  (3990,3437)  (3950,3476)  (3999,3397)  (4039,3388)  (3910,3496)  (4022,3348)  (3857,3518) 
sz Lower Anduin 2  (4077,3244)  (4080,3284) 
sz Lower Anduin 3  (4035,2893)  (4057,2933)  (4017,2933) 
sz Lower Anduin 4  (3839,2688)  (3799,2653)  (3863,2728)  (3821,2613) 
Lower Forest River  (3810,461)  (3770,500)  (3770,460)  (3849,501)  (3810,421)  (3850,421)  (3850,461)  (3768,420)  (3809,540)  (3769,540)  (3854,541)  (3828,381)  (3890,409)  (3890,449)  (3728,438) 
Firienholt  (3573,2820)  (3533,2859)  (3612,2860)  (3613,2794)  (3652,2834) 
Nindalf  (3932,2641)  (3892,2641)  (3971,2681)  (3931,2681)  (3891,2601)  (3931,2601)  (3971,2601)  (3972,2641) 
West Vales of Anduin  (3236,1417)  (3276,1391)  (3276,1431)  (3196,1403)  (3316,1418)  (3196,1443)  (3236,1457)  (3236,1377)  (3276,1351)  (3276,1471)  (3316,1458) 
sz Sea of Rhûn  (5592,1633)  (5552,1655)  (5592,1673)  (5614,1593)  (5621,1553)  (5512,1673)  (5472,1695)  (5552,1695)  (5512,1713)  (5592,1713)  (5552,1735)  (5472,1735)  (5512,1753)  (5592,1753)  (5552,1775)  (5592,1793)  (5512,1793)  (5552,1815)  (5472,1775)  (5592,1833) 
Lands of the Beornings  (3659,853)  (3619,874)  (3619,834)  (3698,893)  (3699,826)  (3599,794)  (3738,866) 
Westfarthing  (1437,919)  (1397,935)  (1397,895)  (1476,959)  (1437,879)  (1477,879)  (1477,919)  (1357,938) 
Sarn Ford  (1914,1352)  (1874,1372)  (1874,1332)  (1939,1392)  (1914,1312)  (1954,1312)  (1954,1352) 
sz Upper Harnen  (4509,4030) 
Eryn Vorn  (1400,1821)  (1360,1860)  (1360,1820)  (1439,1861)  (1400,1781)  (1440,1781)  (1440,1821)  (1396,1900)  (1356,1900)  (1387,1741)  (1427,1741)  (1467,1707)  (1316,1938)  (1388,1940)  (1396,1701)  (1436,1667)  (1348,1978)  (1308,1978)  (1351,2018)  (1311,2018)  (1337,2058) 
Halls of Grór  (4972,391)  (4932,411)  (5012,411)  (4923,451)  (5022,451)  (4972,451)  (4952,491)  (4992,491) 
Dol Guldur  (3861,1602)  (3861,1562)  (3821,1582)  (3901,1582)  (3812,1622)  (3911,1622)  (3841,1662)  (3881,1662) 
The Undeeps  (3720,2073)  (3680,2112)  (3680,2072)  (3741,2113)  (3720,2033)  (3760,2059)  (3680,2032) 
Belfalas  (3132,3525)  (3092,3564)  (3092,3524)  (3171,3565)  (3132,3485)  (3172,3485)  (3172,3525)  (3090,3484)  (3052,3527)  (3211,3565)  (3181,3605)  (3141,3605)  (3212,3486)  (3251,3526)  (3175,3645)  (3291,3509) 
Sirannon  (2731,1587)  (2691,1575)  (2731,1547)  (2771,1560)  (2771,1600)  (2691,1615)  (2651,1606)  (2731,1627) 
Southfarthing  (1754,1262)  (1714,1301)  (1714,1261)  (1793,1302)  (1754,1222)  (1794,1222)  (1794,1262)  (1712,1221)  (1674,1293)  (1834,1200)  (1834,1240)  (1672,1253)  (1874,1206)  (1874,1246) 
Kingdom of Dale  (4680,746)  (4640,785)  (4640,745)  (4719,786)  (4680,706)  (4720,706)  (4720,746)  (4638,705)  (4679,825)  (4639,825)  (4600,785)  (4600,745)  (4759,786)  (4759,826)  (4719,826)  (4599,826)  (4678,666)  (4718,666)  (4758,666)  (4760,706)  (4760,746)  (4634,665)  (4560,786)  (4783,866)  (4743,866)  (4559,833)  (4698,626)  (4738,626) 
Buckland  (1961,963)  (1921,984)  (2001,927)  (2001,967) 
Chetwood  (2346,936)  (2306,975)  (2385,976)  (2322,896)  (2362,896)  (2386,936)  (2402,881) 
Harlond  (627,1231)  (587,1255)  (587,1215)  (665,1271)  (627,1191)  (667,1195) 
South Downs  (2374,1210)  (2334,1249)  (2334,1209)  (2374,1170)  (2414,1170)  (2414,1210)  (2294,1252)  (2294,1212)  (2454,1181)  (2454,1221)  (2254,1234)  (2494,1204)  (2534,1208) 
East Emnet  (3571,2363)  (3531,2402)  (3531,2362)  (3610,2403)  (3571,2323)  (3611,2323)  (3611,2363)  (3529,2322)  (3570,2442)  (3530,2442)  (3491,2402)  (3491,2362)  (3650,2403)  (3650,2443)  (3610,2443)  (3490,2443)  (3569,2283)  (3609,2283)  (3649,2283)  (3651,2323)  (3651,2363)  (3489,2322)  (3502,2282)  (3565,2482)  (3525,2483)  (3485,2483)  (3567,2243)  (3607,2243)  (3647,2243) 
Pinnath Gelin  (2569,3116)  (2529,3155)  (2529,3115)  (2608,3156)  (2569,3076)  (2609,3076)  (2609,3116)  (2527,3075)  (2489,3173)  (2489,3133)  (2649,3053)  (2649,3093)  (2649,3133)  (2449,3184)  (2449,3144)  (2689,3108)  (2689,3148)  (2409,3186)  (2409,3146)  (2729,3139)  (2731,3179)  (2369,3186)  (2771,3170)  (2803,3210) 
West Dale  (4431,756)  (4391,793)  (4391,753)  (4470,796)  (4431,716)  (4471,716)  (4471,756)  (4387,713)  (4430,833)  (4500,836)  (4427,676)  (4383,673) 
South Lhûn  (1312,408)  (1272,447)  (1272,407)  (1351,448)  (1312,368)  (1352,368)  (1352,408)  (1270,367)  (1311,487)  (1271,487)  (1310,328)  (1350,328)  (1390,328)  (1392,368)  (1392,408)  (1244,327)  (1303,527) 
Wellinghall  (3021,2054)  (2981,2074)  (3061,2074)  (2972,2114)  (3072,2114)  (3021,2104)  (3001,2154)  (3041,2154) 
Celduin South Bank  (5158,1460)  (5198,1471)  (5238,1460)  (5118,1450)  (5278,1471)  (5318,1462)  (5078,1436)  (5358,1471)  (5038,1431)  (5398,1476)  (5078,1476)  (5118,1490)  (5158,1500)  (5198,1511)  (5238,1500)  (5278,1511)  (5318,1500)  (5358,1511) 
Lands of the Balcoth  (5026,2036)  (4986,2075)  (4986,2035)  (5065,2076)  (5026,1996)  (5066,1996)  (5066,2036)  (4984,1995)  (5025,2115)  (4985,2115)  (4946,2075)  (4946,2035)  (5105,2076)  (5105,2116)  (5065,2116)  (4945,2116)  (5024,1956)  (5064,1956)  (5104,1956)  (5106,1996)  (5106,2036)  (4944,1995)  (4982,1955)  (5144,1930)  (5025,2155)  (4985,2155)  (4906,2076)  (4906,2036)  (5084,2156)  (4945,2156)  (5022,1916)  (5062,1916)  (5102,1916)  (5146,1970)  (5146,2010)  (5146,2050)  (4904,1996)  (5030,2195)  (4990,2195) 
Andrast  (1854,3311)  (1814,3350)  (1814,3310)  (1893,3351)  (1854,3271)  (1894,3271)  (1894,3311)  (1812,3270)  (1853,3390)  (1813,3390)  (1774,3350)  (1773,3391)  (1852,3231)  (1892,3231)  (1932,3231)  (1934,3271)  (1934,3311)  (1972,3209)  (1818,3430)  (1778,3431)  (1738,3431)  (1733,3391)  (1858,3191)  (1898,3191)  (1974,3249)  (1698,3466)  (1765,3471)  (1693,3426)  (1687,3506)  (1658,3466)  (1647,3517)  (1618,3477)  (1607,3547)  (1578,3507)  (1538,3529) 
Narchost  (4240,2748)  (4240,2708)  (4230,2668)  (4230,2788)  (4280,2748)  (4270,2788)  (4320,2779) 
Rhudaur  (2930,764)  (2950,804)  (2970,764)  (2921,724)  (2890,764)  (2850,775)  (2990,804)  (2941,844) 
sz 14  (106,752)  (66,791)  (66,751)  (145,792)  (106,712)  (146,712)  (146,752)  (64,711)  (105,831)  (65,831)  (26,791)  (26,751)  (185,792)  (185,832)  (145,832)  (25,832)  (104,672)  (144,672)  (184,672)  (186,712)  (186,752)  (24,711)  (24,671)  (64,671)  (105,871)  (65,871)  (205,872)  (165,872)  (25,872)  (104,632)  (144,632)  (184,632)  (0,631)  (40,631)  (125,911)  (85,911)  (211,912)  (171,912)  (45,912)  (5,912)  (80,592)  (120,592)  (160,592)  (200,592)  (0,591)  (40,591)  (131,951)  (91,951)  (231,952)  (191,952)  (51,952)  (11,952) 
sz 15  (345,324)  (305,363)  (305,323)  (384,364)  (345,284)  (385,284)  (385,324)  (303,283)  (344,403)  (304,403)  (265,363)  (265,323)  (424,364)  (424,404)  (384,404)  (264,404)  (343,244)  (383,244)  (423,244)  (425,284)  (425,324)  (263,283)  (263,243)  (303,243)  (344,443)  (304,443)  (225,364)  (225,324)  (464,364)  (264,444)  (224,444)  (224,404)  (343,204)  (383,204)  (423,204)  (465,296)  (223,284)  (223,244)  (226,203)  (266,203)  (346,483)  (306,483)  (185,364)  (185,324)  (504,336)  (266,484)  (226,484)  (184,471)  (184,431)  (306,164)  (183,284) 
sz 16  (449,39)  (409,78)  (409,38)  (488,79)  (489,0)  (448,118)  (408,118)  (369,78)  (369,38)  (528,40)  (492,119)  (368,119)  (529,0)  (329,79)  (329,39)  (568,40)  (569,0)  (289,98)  (289,58)  (609,0)  (649,0) 
Northfarthing  (1563,797)  (1523,836)  (1523,796)  (1603,771)  (1603,811)  (1483,811)  (1643,781) 
sz 17  (80,133)  (40,172)  (40,132)  (119,173)  (80,93)  (120,93)  (120,133)  (38,92)  (79,212)  (39,212)  (0,172)  (0,132)  (159,173)  (156,213)  (78,53)  (118,53)  (158,53)  (160,93)  (160,133)  (0,52)  (198,15)  (116,252)  (76,252)  (36,252)  (40,13)  (80,13)  (120,13)  (200,55)  (200,95)  (200,135)  (0,12)  (238,0)  (110,292)  (70,292)  (30,292)  (240,40)  (87,332)  (47,332)  (7,332)  (64,372)  (24,372)  (41,412)  (1,412)  (8,452) 
sz 10  (1490,2401)  (1450,2440)  (1450,2400)  (1529,2441)  (1490,2361)  (1530,2361)  (1530,2401)  (1448,2360)  (1489,2480)  (1449,2480)  (1410,2440)  (1410,2400)  (1569,2441)  (1569,2481)  (1529,2481)  (1488,2321)  (1528,2321)  (1570,2348)  (1570,2388)  (1408,2360)  (1408,2320)  (1448,2320)  (1489,2520)  (1370,2425)  (1609,2428)  (1609,2468)  (1609,2508)  (1569,2521)  (1529,2521)  (1488,2281)  (1610,2376)  (1368,2385)  (1368,2345)  (1368,2305)  (1408,2280)  (1448,2280)  (1353,2265)  (1636,2548)  (1489,2560)  (1649,2416)  (1649,2456)  (1649,2496)  (1596,2561)  (1556,2561)  (1328,2377)  (1328,2337)  (1393,2240)  (1433,2240)  (1313,2297)  (1313,2257)  (1353,2225) 
sz 11  (1134,1984)  (1094,2023)  (1094,1983)  (1173,2024)  (1134,1944)  (1174,1944)  (1174,1984)  (1092,1943)  (1133,2063)  (1093,2063)  (1054,2023)  (1054,1983)  (1213,2024)  (1213,2064)  (1173,2064)  (1053,2064)  (1132,1904)  (1172,1904)  (1212,1904)  (1214,1944)  (1214,1984)  (1052,1943)  (1052,1903)  (1092,1903)  (1252,1866)  (1133,2103)  (1093,2103)  (1014,2024)  (1014,1984)  (1253,2077)  (1213,2104)  (1173,2104)  (1053,2104)  (1013,2095)  (1254,1906)  (1254,1946)  (1254,1986)  (1012,1944)  (1012,1904)  (1012,1864)  (1052,1863)  (1092,1863)  (1256,2117)  (1133,2143)  (1093,2143)  (974,2055)  (974,2015)  (1216,2144)  (1176,2144)  (986,1824)  (972,1975)  (972,1935)  (972,1895) 
sz 12  (694,1766)  (654,1805)  (654,1765)  (733,1806)  (694,1726)  (734,1731)  (652,1725)  (693,1845)  (614,1809)  (614,1769)  (773,1771)  (773,1811)  (733,1846)  (692,1686)  (612,1729)  (612,1689)  (652,1685)  (778,1851)  (576,1649)  (574,1782)  (813,1756)  (813,1796)  (738,1886)  (692,1646)  (572,1742)  (572,1702)  (616,1645)  (818,1836)  (818,1876)  (778,1891)  (843,1916)  (536,1662)  (536,1622)  (576,1609)  (853,1767)  (656,1606)  (532,1753)  (532,1713)  (616,1605)  (858,1807)  (858,1847)  (803,1931)  (509,1582)  (883,1887)  (864,1956)  (496,1673)  (496,1633)  (549,1569)  (893,1767)  (656,1566)  (492,1725) 
sz 9  (1683,2843)  (1643,2882)  (1643,2842)  (1722,2883)  (1683,2803)  (1723,2803)  (1723,2843)  (1641,2802)  (1682,2922)  (1642,2922)  (1603,2882)  (1603,2842)  (1762,2883)  (1762,2923)  (1722,2923)  (1602,2923)  (1681,2763)  (1721,2763)  (1761,2763)  (1763,2803)  (1601,2802)  (1601,2762)  (1641,2762)  (1682,2962)  (1642,2962)  (1800,2963)  (1760,2963)  (1681,2723)  (1721,2723)  (1761,2723)  (1566,2722)  (1606,2722)  (1720,3002)  (1680,3002)  (1640,3002)  (1800,3003)  (1760,3003)  (1646,2683)  (1686,2683)  (1726,2683)  (1766,2683)  (1559,2682)  (1599,2682)  (1726,2643) 
sz 13  (327,1219)  (287,1258)  (287,1218)  (366,1259)  (327,1179)  (367,1179)  (367,1219)  (285,1178)  (326,1298)  (286,1298)  (247,1258)  (247,1218)  (406,1259)  (406,1299)  (366,1299)  (325,1139)  (365,1139)  (405,1139)  (407,1179)  (407,1219)  (245,1178)  (245,1138)  (285,1138)  (445,1103)  (326,1338)  (286,1338)  (446,1259)  (446,1299)  (446,1339)  (406,1339)  (366,1339)  (325,1099)  (365,1099)  (405,1099)  (447,1143)  (447,1183)  (205,1171)  (205,1131)  (245,1098)  (285,1098)  (326,1378)  (286,1378)  (462,1379)  (422,1379)  (382,1379)  (325,1059)  (365,1059)  (487,1115)  (487,1155)  (271,1058)  (342,1418)  (302,1418) 
South Angmar  (2389,468)  (2349,507)  (2349,467)  (2428,508)  (2389,428)  (2429,428)  (2429,468)  (2347,427)  (2388,547)  (2348,547)  (2309,507)  (2309,467)  (2468,508)  (2468,548)  (2428,548)  (2387,388)  (2427,388)  (2467,388)  (2469,428)  (2469,468)  (2508,508) 
Andrath  (2098,1284)  (2058,1323)  (2058,1283)  (2137,1324)  (2106,1244)  (2138,1284)  (2146,1236)  (2018,1329)  (2018,1289)  (2186,1211)  (2186,1251) 
Mountains of Rhûn  (5360,1924)  (5320,1951)  (5360,1964)  (5320,1991)  (5360,2004)  (5400,1937)  (5400,1897)  (5360,1884)  (5400,1857)  (5320,2031)  (5280,2015)  (5280,2055)  (5360,1844)  (5320,2071)  (5280,1975)  (5320,1911)  (5400,1817)  (5400,1975)  (5440,1911)  (5440,1871)  (5440,1951)  (5360,2044)  (5400,2015)  (5280,1935)  (5320,1871)  (5360,1804)  (5360,2084) 
Dunland Hills  (2646,2016)  (2686,2002)  (2646,1976)  (2686,1962)  (2606,1991)  (2726,1976)  (2606,2031)  (2726,2016)  (2646,1936)  (2686,1922)  (2606,1951)  (2606,2071)  (2646,2056) 
Fields of Celebrant  (3448,1903)  (3488,1926)  (3448,1943)  (3408,1930)  (3408,1890)  (3488,1966)  (3528,1943)  (3408,1850)  (3368,1863)  (3368,1903)  (3328,1880)  (3528,1983)  (3448,1983)  (3568,1983) 
Dead Marshes  (4054,2452)  (4014,2491)  (4014,2451)  (4093,2492)  (4054,2412)  (4094,2412)  (4094,2452)  (4012,2411)  (4024,2531)  (3984,2531)  (3974,2491)  (4134,2377)  (4134,2417)  (4174,2372)  (4174,2412) 
Lithlad  (4964,2856)  (4924,2895)  (4924,2855)  (5003,2896)  (4964,2816)  (5004,2816)  (5004,2856)  (4922,2815)  (4963,2935)  (4923,2935)  (4884,2895)  (4884,2855)  (4962,2776)  (5002,2776)  (5044,2786)  (5044,2826)  (5044,2866)  (4882,2815)  (4961,2975)  (4921,2975)  (5084,2794)  (5084,2834)  (5124,2772)  (5124,2812)  (5164,2766) 
Old Forest Road  (3987,918)  (3947,957)  (3947,917)  (4027,886)  (4027,926)  (3956,877)  (3907,971)  (3907,931)  (3907,891)  (4067,880)  (4067,920)  (4092,960)  (3867,964)  (3867,924)  (3867,884)  (4107,875)  (4107,915)  (3827,948)  (3827,908)  (4147,867)  (4147,907)  (4147,947)  (4187,879) 
Bree  (2202,1115)  (2162,1132)  (2162,1092)  (2235,1155)  (2202,1075) 
Lhûn  (1162,111)  (1122,150)  (1122,110)  (1201,151)  (1162,71)  (1202,71)  (1202,111)  (1120,70)  (1161,190)  (1121,190)  (1082,150)  (1082,110)  (1241,151)  (1241,191)  (1201,191)  (1081,191)  (1160,31)  (1200,31)  (1240,31)  (1242,71)  (1242,111)  (1080,70)  (1120,30)  (1280,1)  (1161,230)  (1121,230)  (1042,151)  (1244,231)  (1204,231)  (1282,41)  (1282,81)  (1282,121)  (1232,271)  (1192,271) 
Tookland  (1534,1048)  (1494,1087)  (1545,1088)  (1540,1008)  (1580,1016) 
West Plateau of Gorgoroth  (4566,3066)  (4566,3026)  (4526,3046)  (4546,3106)  (4506,3086)  (4526,3006)  (4606,3017)  (4606,3057)  (4646,3037)  (4486,3126)  (4446,3137)  (4526,3146)  (4566,3146)  (4466,3177)  (4506,3186) 
Framsburg  (3433,441)  (3393,468)  (3473,468)  (3383,508)  (3482,508)  (3433,488)  (3413,548)  (3453,548) 
sz Celduin 1  (5187,1388)  (5130,1378)  (5243,1397)  (5090,1357)  (5294,1397)  (5347,1397)  (5402,1397)  (5062,1317)  (5050,1259)  (5034,1205) 
Dáin's Halls  (3767,239)  (3727,263)  (3807,263)  (3718,303)  (3818,303)  (3767,293)  (3747,343)  (3787,343) 
sz Celduin 2  (4772,1096)  (4822,1098)  (4721,1080)  (4669,1080)  (4629,1068)  (4874,1108)  (4925,1120)  (4984,1136) 
sz Celduin 3  (4416,920)  (4376,900)  (4353,860)  (4336,820)  (4313,780)  (4296,740)  (4456,940)  (4474,980)  (4514,1003)  (4541,1043) 
South Rhûn  (4828,2368)  (4788,2407)  (4788,2367)  (4867,2408)  (4828,2328)  (4868,2328)  (4868,2368)  (4827,2447)  (4787,2447)  (4748,2407)  (4748,2367)  (4907,2408)  (4907,2448)  (4867,2448)  (4747,2448)  (4821,2288)  (4861,2288)  (4901,2288)  (4908,2328)  (4908,2368)  (4941,2255)  (4827,2487)  (4787,2487)  (4708,2408)  (4947,2408)  (4947,2448)  (4947,2488)  (4907,2488)  (4867,2488)  (4747,2488)  (4707,2488)  (4707,2448)  (4948,2295)  (4948,2335)  (4981,2241)  (4827,2527)  (4787,2527)  (4987,2375)  (4987,2415)  (4987,2455)  (4987,2495)  (4947,2528)  (4907,2528)  (4867,2528)  (4747,2528)  (4707,2528)  (4667,2528)  (4667,2461)  (4988,2281)  (4988,2321)  (4994,2535) 
sz Bruinen  (2921,1111)  (2961,1071)  (3001,1031)  (2881,1151)  (2841,1191)  (2801,1231) 
North Dunland  (2581,1851)  (2541,1865)  (2541,1825)  (2581,1811)  (2621,1825)  (2621,1865)  (2541,1785)  (2501,1811)  (2581,1891)  (2501,1851)  (2501,1891)  (2541,1905)  (2661,1811)  (2661,1851) 
White Mountains  (3077,2861)  (3037,2900)  (3108,2901)  (3110,2821)  (3117,2861)  (3150,2790)  (2997,2917)  (3157,2830)  (3190,2790)  (2957,2934)  (2917,2929) 
West Gondor  (2748,3022)  (2708,3028)  (2776,3062)  (2727,2982)  (2767,2982)  (2736,3068)  (2797,3102)  (2746,2942) 
South Undeep  (3863,2179)  (3823,2218)  (3823,2178)  (3902,2219)  (3863,2139)  (3903,2139)  (3903,2179)  (3821,2138)  (3862,2258)  (3822,2258)  (3783,2178)  (3929,2259)  (3861,2099)  (3901,2099)  (3943,2123)  (3943,2163)  (3809,2098)  (3889,2298)  (3849,2298) 
East Brown Lands  (4421,2059)  (4381,2098)  (4381,2058)  (4460,2099)  (4421,2019)  (4461,2019)  (4461,2059)  (4379,2018)  (4420,2138)  (4380,2138)  (4341,2098)  (4341,2058)  (4500,2099)  (4500,2139)  (4460,2139)  (4340,2139)  (4419,1979)  (4459,1979)  (4499,1979)  (4501,2019)  (4501,2059)  (4339,2018)  (4339,1978)  (4379,1978)  (4420,2178)  (4380,2178)  (4301,2066)  (4540,2099)  (4540,2139)  (4540,2179)  (4500,2179)  (4460,2179)  (4340,2179)  (4419,1939)  (4459,1939)  (4499,1939)  (4541,2031)  (4299,2026)  (4299,1986)  (4349,1938)  (4580,2071)  (4580,2111)  (4525,2219)  (4485,2219)  (4445,2219)  (4366,2219)  (4326,2219)  (4389,1899)  (4429,1899)  (4469,1899)  (4427,1859)  (4467,1859) 
Morthond  (3021,3053)  (2981,3092)  (2981,3052)  (3060,3093)  (3021,3013)  (3061,3013)  (3061,3053)  (2979,3012)  (3020,3132)  (2980,3132)  (2940,3133)  (3019,2973)  (3059,2973)  (2900,3168)  (2900,3128)  (2860,3138) 
Forodwaith  (3739,53)  (3699,92)  (3699,52)  (3778,93)  (3739,13)  (3779,13)  (3779,53)  (3697,12)  (3738,132)  (3698,132)  (3659,92)  (3659,52)  (3818,93)  (3818,133)  (3778,133)  (3658,133)  (3819,0)  (3819,40)  (3657,12)  (3738,172)  (3619,93)  (3619,53)  (3858,80)  (3858,120)  (3806,173)  (3618,152)  (3859,0)  (3859,40)  (3617,13)  (3579,112)  (3579,72)  (3898,80)  (3898,120)  (3578,162)  (3899,0)  (3899,40)  (3577,32)  (3539,122)  (3539,82)  (3938,80)  (3938,120)  (3538,165)  (3939,0)  (3939,40)  (3537,42)  (3537,2)  (3499,125)  (3499,85)  (3978,80)  (3978,120)  (3979,0)  (3979,40) 
Starkhorn  (2920,2698)  (2880,2731)  (2953,2658)  (2960,2698)  (2993,2622)  (2840,2751)  (2981,2582) 
Ciril  (3190,2935)  (3150,2955)  (3230,2933) 
River Running South Bank  (4622,1162)  (4582,1143)  (4662,1171)  (4582,1183)  (4622,1202)  (4542,1122)  (4542,1162)  (4702,1162)  (4502,1103)  (4502,1143)  (4742,1173)  (4462,1082)  (4782,1162)  (4702,1202)  (4662,1211)  (4542,1202)  (4582,1223)  (4622,1242)  (4662,1251)  (4702,1242)  (4742,1213) 
Eregion  (2847,1419)  (2847,1379)  (2807,1407)  (2887,1386)  (2767,1426)  (2807,1367)  (2887,1426)  (2909,1346)  (2927,1386)  (2727,1447)  (2807,1447)  (2687,1478)  (2727,1487)  (2767,1466) 
West Dunland  (2405,2065)  (2390,2021)  (2361,2065)  (2434,2021)  (2449,2065)  (2434,2109)  (2478,2021)  (2461,1977)  (2505,1977)  (2493,2065)  (2522,2021)  (2346,2021)  (2390,2109)  (2317,2065)  (2346,2109)  (2302,2109)  (2334,2153)  (2378,2153) 
Greenway  (2262,1445)  (2222,1484)  (2222,1444)  (2301,1485)  (2262,1405)  (2302,1405)  (2302,1445)  (2220,1404)  (2261,1524)  (2221,1524)  (2182,1451)  (2339,1525)  (2260,1365)  (2300,1365)  (2180,1372)  (2220,1364)  (2299,1564)  (2259,1564)  (2339,1565)  (2260,1325)  (2300,1325)  (2198,1324) 
Serni  (3480,3438)  (3480,3398)  (3520,3423)  (3532,3370)  (3492,3358)  (3480,3478)  (3440,3463)  (3400,3478)  (3360,3478)  (3440,3503) 
Fanuidhol  (3093,1320)  (3133,1311)  (3093,1280)  (3053,1337)  (3053,1297)  (3093,1360)  (3173,1331)  (3013,1311)  (3133,1271)  (3133,1351)  (3173,1291)  (3213,1317)  (3053,1377)  (3093,1400)  (3113,1440)  (3104,1480) 
Ettendales  (2943,358)  (2903,366)  (2903,326)  (2982,398)  (2943,318)  (2983,318)  (2983,358)  (2863,356)  (3022,398)  (3005,438)  (3023,295)  (3023,335)  (3063,327) 
West Rhûn  (4841,1870)  (4797,1883)  (4841,1914)  (4885,1899)  (4885,1855)  (4841,1826)  (4797,1927)  (4753,1914)  (4885,1811)  (4929,1839)  (4929,1883)  (4753,1870)  (4709,1899)  (4709,1943)  (4797,1839)  (4797,1795)  (4841,1782)  (4665,1914)  (4665,1958)  (4621,1927)  (4753,1958)  (4797,1971)  (4841,1958) 
High Pass  (3269,820)  (3269,780)  (3229,780)  (3229,832)  (3309,792) 
West Forochel Coast  (1483,154)  (1443,193)  (1443,153)  (1522,194)  (1483,114)  (1523,114)  (1523,154)  (1441,113)  (1482,233)  (1442,233)  (1403,193)  (1403,153)  (1562,194)  (1562,234)  (1522,234)  (1402,234)  (1481,74)  (1521,74)  (1561,74)  (1563,114)  (1563,154)  (1401,113)  (1440,73)  (1601,67)  (1363,194)  (1363,154)  (1602,194)  (1412,274)  (1362,255)  (1603,107)  (1603,147)  (1361,91)  (1323,215)  (1643,73)  (1643,113)  (1643,153) 
Realm of Vidugavia  (4397,1288)  (4415,1332)  (4441,1288)  (4371,1332)  (4430,1244)  (4327,1315)  (4353,1271)  (4386,1227)  (4342,1227)  (4430,1200)  (4485,1261)  (4459,1332)  (4386,1376)  (4430,1376)  (4474,1408) 
Lond Daer  (1984,2174)  (1984,2120)  (1944,2145)  (2024,2145)  (1933,2185)  (2035,2185)  (1964,2225)  (2004,2225) 
Carrock  (3487,755)  (3447,777)  (3447,737)  (3520,795)  (3487,715)  (3527,717) 
Poros Bank  (3994,3550)  (3954,3589)  (3954,3549)  (4033,3590)  (4013,3510)  (4034,3550)  (4053,3491)  (3958,3629)  (3918,3629)  (3914,3589)  (4074,3531)  (3874,3587) 
Narrows of Mirkwood  (3905,1326)  (3865,1365)  (3865,1325)  (3944,1366)  (3905,1286)  (3945,1286)  (3945,1326)  (3865,1285)  (3904,1405)  (3825,1391)  (3825,1351)  (3984,1366)  (3905,1246)  (3945,1246)  (3985,1246)  (3985,1286)  (3985,1326)  (4024,1366)  (4025,1281)  (4025,1321) 
North Woodland Realm  (4062,451)  (4022,476)  (4022,436)  (4101,491)  (4062,411)  (4102,411)  (4102,451)  (3982,461)  (3982,421)  (4141,491)  (4142,405)  (4142,445) 
Ringló Vale  (3453,3090)  (3413,3082)  (3491,3130)  (3451,3130)  (3493,3056)  (3424,3042) 
Mount Gundabad  (3117,180)  (3077,205)  (3157,205)  (3069,245)  (3167,245)  (3117,235)  (3097,285)  (3137,285) 
The Wold  (3472,2125)  (3432,2164)  (3432,2124)  (3511,2165)  (3472,2085)  (3512,2085)  (3512,2125)  (3430,2084)  (3471,2204)  (3431,2204)  (3392,2164)  (3392,2124)  (3551,2165)  (3524,2205)  (3391,2205)  (3470,2045)  (3510,2045)  (3550,2045)  (3552,2085)  (3552,2125)  (3390,2084)  (3390,2044)  (3430,2044)  (3456,2244)  (3591,2165)  (3416,2245)  (3592,2092)  (3350,2068)  (3350,2028)  (3390,2004)  (3334,1988)  (3631,2149) 
Trollshaws  (2848,879)  (2819,839)  (2859,919)  (2859,839)  (2888,879)  (2899,919)  (2848,959) 
Harnen Bank  (3973,4407)  (3933,4446)  (3933,4406)  (4012,4447)  (3973,4367)  (4013,4367)  (4013,4407)  (3931,4366)  (3972,4486)  (3932,4486)  (3893,4446)  (3893,4406)  (4052,4447)  (3892,4487)  (3971,4327)  (4011,4327)  (4051,4327)  (4053,4367)  (4053,4407)  (3891,4366)  (3891,4326)  (3931,4326)  (4091,4289)  (3937,4526)  (3853,4447)  (3853,4407)  (4092,4447)  (3897,4527)  (3857,4527)  (3852,4487)  (3971,4287)  (4011,4287)  (4051,4287)  (4093,4329)  (4093,4369)  (3851,4367)  (3851,4327)  (3817,4562)  (3813,4447)  (3813,4407)  (4132,4409)  (4132,4449)  (3885,4567)  (3812,4522)  (4133,4298)  (4133,4338)  (3811,4367)  (3811,4327)  (3777,4585)  (3773,4482)  (3773,4442) 
Greyflood East Bank  (2105,1997)  (2149,2007)  (2149,1963)  (2193,1985)  (2105,1953)  (2061,1983)  (2149,1919)  (2193,1941)  (2193,2029)  (2061,2027)  (2017,2016)  (2237,1976)  (2237,2020)  (2017,2060)  (2061,2071)  (2182,1875)  (2105,2041)  (2149,2051) 
Lefnui Vale  (2431,2961)  (2391,3000)  (2391,2960)  (2470,3001)  (2431,2921)  (2471,2921)  (2471,2961)  (2389,2920)  (2430,3040)  (2511,2896)  (2511,2936)  (2551,2877) 
Gorgoroth  (4613,2770)  (4613,2730)  (4573,2790)  (4573,2750)  (4653,2750)  (4693,2730)  (4573,2710)  (4693,2770)  (4633,2810)  (4673,2810)  (4673,2850) 
Westfold  (3016,2424)  (2976,2463)  (2976,2423)  (3055,2464)  (3016,2384)  (3056,2384)  (3056,2424)  (3015,2503)  (3095,2464)  (3062,2504)  (2979,2344)  (3019,2344)  (3096,2386)  (2974,2304) 
South Minhiriath  (1670,2045)  (1630,2084)  (1630,2044)  (1709,2085)  (1670,2005)  (1710,2005)  (1710,2045)  (1628,2004)  (1669,2124)  (1629,2124)  (1590,2084)  (1590,2044)  (1749,2085)  (1749,2125)  (1709,2125)  (1589,2125)  (1668,1965)  (1708,1965)  (1748,1965)  (1750,2005)  (1750,2045)  (1588,2004)  (1588,1964)  (1628,1964)  (1788,1927)  (1669,2164)  (1629,2164)  (1550,2085)  (1550,2045)  (1789,2085)  (1789,2125)  (1785,2165)  (1745,2165)  (1589,2165)  (1549,2165)  (1549,2125)  (1668,1925)  (1708,1925)  (1748,1925)  (1790,1967)  (1790,2007)  (1548,2005)  (1548,1965)  (1548,1925)  (1588,1924)  (1628,1924)  (1788,1887)  (1828,1887)  (1828,1927)  (1705,2204)  (1665,2204)  (1510,2085)  (1510,2045) 
East Vales of Anduin  (3433,1391)  (3433,1351)  (3473,1361)  (3393,1361)  (3393,1401)  (3473,1401)  (3513,1371)  (3383,1441)  (3423,1441)  (3463,1441) 
Beorn's Hall  (3685,718)  (3685,673)  (3645,698)  (3725,698)  (3637,738)  (3735,738)  (3665,778)  (3705,778) 
Harrowdale  (3049,2733)  (3069,2773)  (3023,2693)  (3063,2693) 
Field of Cormallen  (4132,2828)  (4092,2837)  (4172,2817)  (4163,2777)  (4172,2737)  (4172,2857)  (4132,2868)  (4092,2877)  (4112,2917) 
East Lone Lands  (2649,1127)  (2609,1166)  (2676,1167)  (2621,1087)  (2661,1087)  (2636,1206)  (2679,1207)  (2608,1047)  (2648,1047)  (2688,1047)  (2696,1247)  (2656,1247)  (2580,1007)  (2620,1007)  (2660,1007)  (2674,1287) 
Barad-dûr  (4779,2836)  (4779,2796)  (4739,2818)  (4819,2818)  (4726,2858)  (4829,2858)  (4759,2898)  (4799,2898) 
East Forochel Coast  (1806,25)  (1766,64)  (1766,24)  (1845,65)  (1846,0)  (1805,104)  (1765,104)  (1726,64)  (1726,24)  (1885,40)  (1885,80)  (1886,0)  (1925,40)  (1926,0) 
sz Carnen  (5020,732)  (5016,678)  (5013,786)  (4997,836)  (5044,638)  (5004,876) 
Dol Amroth  (3015,3345)  (2975,3372)  (3055,3372)  (2966,3412)  (3064,3412)  (3015,3392)  (2995,3452)  (3035,3452) 
North Ered Luin  (781,67)  (741,106)  (741,66)  (820,107)  (781,27)  (821,27)  (821,67)  (739,26)  (731,146)  (701,106)  (701,66)  (860,107)  (861,0)  (861,40)  (691,156)  (661,116)  (661,76)  (900,80)  (900,120)  (901,0)  (901,40)  (716,196)  (676,196)  (651,156)  (636,211)  (621,116)  (940,80)  (940,120)  (941,0)  (941,40)  (611,171)  (645,251)  (605,251)  (596,211)  (581,131)  (980,80)  (981,0)  (981,40)  (571,171)  (565,267)  (556,227)  (1021,0)  (531,187)  (516,255)  (491,203) 
Mountains of Mirkwood  (3959,804)  (3919,836)  (3919,796)  (3999,793)  (3999,833)  (3879,837)  (3879,797)  (4039,777)  (4039,817)  (3839,835)  (4079,770)  (4079,810)  (4119,780)  (4119,820) 
South Lórien  (3247,1774)  (3207,1753)  (3207,1793)  (3167,1774)  (3287,1793)  (3327,1814)  (3367,1803) 
Little Lhûn  (1045,377)  (1005,416)  (1005,376)  (1084,417)  (1045,337)  (1085,337)  (1085,377)  (1003,336)  (1044,456)  (1004,456)  (965,416)  (965,376)  (1124,417)  (1124,457)  (1084,457)  (964,457)  (1043,297)  (1083,297)  (1125,310)  (1125,350)  (963,336)  (963,296)  (1003,296)  (1012,496)  (1164,390)  (1164,430)  (972,497)  (1043,257)  (1165,324)  (923,287)  (963,256)  (1003,256)  (914,247)  (954,216)  (994,216) 
Brandywine Bridge  (1819,929)  (1779,947)  (1858,969)  (1797,889)  (1837,889)  (1859,929) 
sz Lower Harnen  (3951,4241) 
Naith  (3182,1674)  (3142,1671)  (3222,1659)  (3222,1699) 
Far Downs  (1276,1090)  (1236,1121)  (1236,1081)  (1309,1130)  (1276,1050)  (1269,1161)  (1283,1010) 
Anórien  (3787,2843)  (3747,2866)  (3747,2826)  (3826,2883)  (3787,2803)  (3827,2803)  (3827,2843)  (3867,2837) 
South Ered Mithrin  (3998,336)  (3958,363)  (3958,323)  (4038,321)  (3918,351)  (3918,311)  (4078,329)  (3878,335)  (4118,329) 
Udûn  (4363,2671)  (4403,2657)  (4323,2677)  (4403,2617)  (4323,2717)  (4363,2711) 
Upper Forest River  (3595,407)  (3555,446)  (3555,406)  (3634,447)  (3595,367)  (3635,367)  (3635,407)  (3553,366)  (3515,425)  (3674,461)  (3634,487)  (3593,327)  (3633,327)  (3675,343)  (3543,326)  (3688,501)  (3648,527)  (3694,541) 
East Arthedain  (2049,407)  (2009,446)  (2009,406)  (2082,447)  (2049,367)  (2089,367)  (2089,407)  (2007,366)  (2028,486)  (1988,486)  (2047,327)  (2087,327)  (2127,327) 
Greenwood the Great  (3904,1106)  (3864,1145)  (3864,1105)  (3943,1146)  (3904,1066)  (3944,1066)  (3944,1106)  (3862,1065)  (3903,1185)  (3824,1133)  (3983,1146)  (3983,1186)  (3943,1186)  (3902,1026)  (3942,1026)  (3984,1051)  (3984,1091)  (3822,1093)  (3822,1053)  (3862,1025)  (3810,1013)  (4023,1131)  (3782,1107)  (3782,1067) 
Drúwaith Iaur  (1913,2927)  (1873,2966)  (1873,2926)  (1952,2967)  (1913,2887)  (1953,2887)  (1953,2927)  (1871,2886)  (1912,3006)  (1872,3006)  (1911,2847)  (1951,2847)  (1991,2847)  (1831,2870)  (1871,2846)  (2031,2820)  (1949,3046)  (1909,3046)  (1869,3046)  (1978,2807)  (1833,2806)  (1927,3086)  (1887,3086)  (1880,3126) 
Rhimdath  (3354,618)  (3393,658)  (3353,658)  (3332,578)  (3400,698)  (3360,698)  (3307,538)  (3390,738)  (3350,738) 
North Wilderland  (3688,1079)  (3648,1118)  (3648,1078)  (3727,1119)  (3688,1039)  (3728,1039)  (3728,1079)  (3648,1038)  (3687,1158)  (3647,1158)  (3688,999)  (3728,999)  (3676,1198)  (3727,959) 
Entwash  (3346,2333)  (3306,2358)  (3306,2318)  (3385,2373)  (3346,2293)  (3386,2297)  (3298,2278)  (3345,2398)  (3409,2413)  (3338,2253)  (3287,2238) 
West Lone Lands  (2483,1068)  (2443,1107)  (2443,1067)  (2522,1108)  (2483,1028)  (2523,1028)  (2523,1068)  (2441,1027)  (2554,1148)  (2514,1148)  (2481,988)  (2563,1085)  (2433,987) 
Erebor  (4247,384)  (4227,344)  (4267,344)  (4196,384)  (4297,384)  (4227,424)  (4267,424) 
West Angmar  (2351,209)  (2311,248)  (2311,208)  (2390,249)  (2351,169)  (2391,169)  (2391,209)  (2309,168)  (2350,288)  (2310,288)  (2271,248)  (2271,208)  (2430,249)  (2430,289)  (2390,289)  (2349,129)  (2389,129)  (2431,144)  (2431,184)  (2269,168)  (2269,128)  (2309,128)  (2470,224)  (2470,264)  (2423,329)  (2383,329)  (2471,144)  (2471,184)  (2229,178)  (2229,138) 
Far Harad  (5366,4635)  (5326,4674)  (5326,4634)  (5405,4675)  (5366,4595)  (5406,4595)  (5406,4635)  (5324,4594)  (5365,4714)  (5325,4714)  (5286,4674)  (5286,4634)  (5445,4675)  (5445,4715)  (5405,4715)  (5285,4715)  (5364,4555)  (5404,4555)  (5444,4555)  (5446,4595)  (5446,4635)  (5284,4594)  (5284,4554)  (5324,4554)  (5484,4517)  (5365,4754)  (5325,4754)  (5246,4675)  (5246,4635)  (5485,4675)  (5485,4715)  (5485,4755)  (5445,4755)  (5405,4755)  (5285,4755)  (5245,4755)  (5245,4715)  (5364,4515)  (5404,4515)  (5444,4515)  (5486,4557)  (5486,4597)  (5244,4595)  (5244,4555)  (5244,4515)  (5284,4514)  (5324,4514)  (5484,4477)  (5524,4477)  (5524,4517)  (5365,4794)  (5325,4794)  (5206,4675)  (5206,4635) 
Goblin Town  (3257,1009)  (3217,1034)  (3297,1034)  (3205,1074)  (3309,1074)  (3257,1062)  (3237,1114)  (3277,1114) 
Trihyrne  (2754,2584)  (2714,2616)  (2779,2544)  (2674,2622)  (2634,2658) 
East Ephel Dúath  (5319,3710)  (5279,3749)  (5279,3709)  (5358,3750)  (5319,3670)  (5359,3670)  (5359,3710)  (5304,3789)  (5264,3789)  (5239,3749)  (5239,3709)  (5398,3750)  (5399,3662)  (5399,3702)  (5224,3804)  (5199,3764)  (5199,3724)  (5438,3742)  (5439,3657)  (5439,3697)  (5184,3824)  (5159,3784)  (5159,3744)  (5479,3664)  (5479,3704)  (5119,3823)  (5119,3783)  (5119,3743)  (5098,3703)  (5079,3804)  (5079,3764)  (5058,3724)  (5039,3800)  (5018,3760)  (5018,3720)  (4999,3800)  (4978,3760)  (4959,3813)  (4938,3773)  (4919,3827)  (4879,3843)  (4839,3848)  (4799,3858) 
North Ered Mithrin  (4138,173)  (4098,196)  (4098,156)  (4138,133)  (4178,133)  (4178,173)  (4058,193)  (4218,159)  (4258,174) 
East Methedras  (2913,2212)  (2928,2172)  (2888,2252)  (2903,2132)  (2888,2292)  (2928,2283) 
North Minhiriath  (1900,1734)  (1860,1773)  (1860,1733)  (1939,1774)  (1900,1694)  (1940,1694)  (1940,1734)  (1858,1693)  (1899,1813)  (1859,1813)  (1820,1773)  (1820,1733)  (1979,1774)  (1979,1814)  (1939,1814)  (1898,1654)  (1938,1654)  (1980,1659)  (1980,1699)  (1818,1693)  (1818,1653)  (1858,1653)  (1899,1853)  (1780,1780)  (1780,1740)  (2019,1739)  (2019,1779)  (1947,1854)  (1898,1614)  (1938,1614)  (1822,1613)  (1907,1893)  (1862,1574)  (1902,1574) 
Trollfells  (2731,255)  (2691,270)  (2691,230)  (2770,295)  (2731,215)  (2771,215)  (2771,255)  (2681,190)  (2811,234)  (2811,274) 
Limlight  (3174,1861)  (3134,1878)  (3134,1838)  (3214,1854)  (3215,1894)  (3094,1868)  (3094,1828)  (3255,1859)  (3255,1899)  (3295,1927) 
Mouths of Entwash  (3660,2687)  (3620,2670)  (3699,2727)  (3659,2727)  (3660,2647)  (3700,2648)  (3739,2688)  (3739,2728) 
West Grey Mountains  (3326,262)  (3286,301)  (3286,261)  (3365,302)  (3326,222)  (3366,222)  (3366,262)  (3246,269)  (3246,229) 
Withered Heath  (4273,266)  (4233,290)  (4233,250)  (4305,226)  (4313,266)  (4314,306)  (4345,206)  (4193,298)  (4193,258)  (4353,246)  (4354,286)  (4354,326)  (4153,285)  (4393,208)  (4394,248)  (4394,288)  (4113,286)  (4433,201)  (4434,241)  (4434,281)  (4073,278)  (4473,170)  (4474,210)  (4474,250)  (4033,265)  (4514,220) 
East Mirkwood  (4011,1601)  (4033,1561)  (4073,1580)  (4051,1620)  (3993,1641)  (4091,1641)  (3993,1540)  (4033,1660)  (3971,1681)  (4051,1521)  (4011,1500)  (3971,1481)  (3953,1521)  (4011,1700)  (3953,1721)  (3993,1740)  (4113,1601)  (4091,1540)  (4131,1561)  (4153,1620)  (4171,1580)  (4073,1681) 
South Fangorn  (3068,2213)  (3068,2253)  (3028,2223)  (3108,2242)  (3108,2202)  (3028,2263)  (2988,2253)  (3148,2234)  (3148,2194)  (2988,2213) 
North Fangorn  (3153,1950)  (3113,1962)  (3113,1922)  (3073,1952)  (3073,1990)  (3193,1962)  (3033,1978)  (3054,1912)  (3014,1938)  (3233,1973)  (3153,1990)  (3113,2002)  (3243,2013)  (3264,2053) 
Orodruin  (4575,2915)  (4526,2915)  (4625,2915)  (4575,2855)  (4535,2875)  (4615,2875)  (4555,2955)  (4595,2955) 
Staddle  (2311,1080)  (2271,1052)  (2335,1120)  (2295,1120)  (2311,1040)  (2351,1052) 
West March  (2526,2553)  (2486,2558)  (2566,2531)  (2566,2571)  (2446,2554)  (2606,2531)  (2606,2571)  (2406,2544)  (2646,2536) 
Edoras  (3164,2636)  (3124,2659)  (3204,2659)  (3116,2699)  (3214,2699)  (3164,2689)  (3144,2739)  (3184,2739) 
Tower Hills  (1177,999)  (1137,1038)  (1192,1039)  (1159,959)  (1199,959)  (1217,999)  (1239,937)  (1152,1078)  (1112,1078)  (1157,919)  (1197,919)  (1279,922)  (1125,1118) 
Lhûn West Bank  (1105,679)  (1065,718)  (1065,678)  (1144,719)  (1105,639)  (1145,639)  (1145,679)  (1063,638)  (1104,758)  (1064,758)  (1025,718)  (1025,678)  (1153,759)  (1024,759)  (1103,599)  (1143,599)  (1183,599)  (1185,639)  (1185,679)  (1023,638)  (1023,598)  (1063,598)  (1113,798)  (1073,798)  (1033,799)  (1103,559)  (1143,559)  (1183,559)  (1028,558)  (993,812)  (1082,838)  (1042,839)  (1072,519)  (1112,519)  (1152,519)  (1002,852)  (962,852) 
Ash Mountains  (5127,2926)  (5087,2965)  (5087,2925)  (5165,2966)  (5155,2886)  (5167,2926)  (5195,2858)  (5105,3005)  (5065,3005)  (5047,2965)  (5207,2898)  (5025,3027)  (5201,2818)  (5235,2858)  (5241,2812)  (5017,3067)  (4977,3049)  (5216,2772)  (5256,2772)  (5281,2812)  (5296,2761) 
sz Bay of Belfalas  (2650,3471)  (2610,3510)  (2610,3470)  (2689,3511)  (2650,3431)  (2690,3431)  (2690,3471)  (2608,3430)  (2649,3550)  (2609,3550)  (2570,3510)  (2570,3470)  (2729,3511)  (2729,3551)  (2689,3551)  (2569,3551)  (2648,3391)  (2688,3391)  (2728,3391)  (2730,3431)  (2730,3471)  (2568,3430)  (2568,3390)  (2608,3390)  (2768,3353)  (2649,3590)  (2609,3590)  (2530,3511)  (2530,3471)  (2769,3511)  (2769,3551)  (2769,3591)  (2729,3591)  (2689,3591)  (2569,3591)  (2529,3591)  (2529,3551)  (2648,3351)  (2688,3351)  (2728,3351)  (2770,3393)  (2770,3433)  (2528,3431)  (2528,3391)  (2528,3351)  (2568,3350)  (2608,3350)  (2808,3352)  (2649,3630)  (2609,3630)  (2490,3511)  (2490,3471) 
East Rhovanion  (4985,1647)  (4941,1668)  (4985,1691)  (5029,1660)  (4941,1712)  (4897,1681)  (4931,1624)  (4975,1603)  (4887,1637)  (5019,1603)  (4843,1647)  (4853,1691)  (5063,1616)  (5029,1704)  (4922,1580)  (4966,1559)  (5010,1559)  (4878,1593)  (5073,1681)  (5107,1637)  (5117,1704)  (5073,1725)  (4911,1536)  (4955,1515)  (5117,1748) 
Crossings of Harnen  (4410,4224)  (4370,4248)  (4370,4208)  (4448,4264)  (4410,4184)  (4450,4188) 
Fords of Isen  (2680,2455)  (2720,2474)  (2720,2434)  (2680,2415)  (2640,2427)  (2640,2467)  (2680,2495)  (2720,2514) 
Sirith  (3848,3183)  (3848,3143)  (3808,3165)  (3808,3125)  (3888,3173)  (3888,3133)  (3808,3205)  (3848,3223) 
Carchost  (4485,2562)  (4525,2572)  (4485,2602)  (4445,2542)  (4525,2612)  (4565,2592)  (4405,2532)  (4605,2602)  (4485,2642)  (4525,2652)  (4565,2632) 
North Harlindon  (633,1400)  (593,1439)  (593,1399)  (672,1440)  (633,1360)  (673,1360)  (673,1400)  (591,1359)  (632,1479)  (592,1479)  (553,1439)  (553,1399)  (712,1440)  (712,1480)  (672,1480)  (552,1480)  (713,1346)  (713,1386)  (551,1359)  (551,1319)  (513,1440)  (752,1426)  (752,1466)  (753,1375)  (511,1298)  (520,1258)  (792,1415)  (524,1218) 
Edhellond  (3072,3179)  (3032,3205)  (3112,3205)  (3024,3245)  (3124,3245)  (3072,3236)  (3052,3285)  (3092,3285) 
Midgewater  (2283,777)  (2243,804)  (2243,764)  (2283,737)  (2323,744)  (2323,784)  (2229,724)  (2363,780)  (2365,820) 
Brandywine North Bank  (1501,1445)  (1461,1484)  (1461,1444)  (1540,1485)  (1501,1405)  (1541,1405)  (1541,1445)  (1500,1524)  (1460,1524)  (1421,1484)  (1421,1444)  (1556,1525)  (1420,1525)  (1544,1365)  (1581,1405)  (1584,1362)  (1516,1564)  (1381,1485)  (1381,1445)  (1380,1553)  (1621,1402)  (1624,1337)  (1341,1513)  (1341,1473)  (1661,1377) 
South Emyn Uial  (1520,671)  (1480,710)  (1480,670)  (1559,711)  (1520,631)  (1480,630)  (1520,591) 
East Iron Hills  (5184,498)  (5144,518)  (5104,509)  (5144,478)  (5064,518)  (5224,469)  (5224,509)  (5264,478)  (5264,518)  (5304,498)  (5304,538)  (5344,518) 
Hornburg  (2885,2529)  (2845,2509)  (2885,2483)  (2925,2509)  (2834,2549)  (2935,2549)  (2865,2589)  (2905,2589) 
Amon Sûl  (2480,708)  (2440,735)  (2520,735)  (2429,775)  (2532,775)  (2480,755)  (2460,815)  (2500,815) 
White Downs  (1411,1183)  (1371,1221)  (1371,1181)  (1436,1223)  (1411,1143)  (1451,1143)  (1451,1183)  (1432,1263) 
Paths of the Dead  (2840,2874)  (2800,2913)  (2854,2914)  (2835,2834) 
Long Marshes  (4149,655)  (4109,659)  (4109,619)  (4188,695)  (4149,615)  (4189,592)  (4072,579)  (4069,644)  (4228,735)  (4188,735)  (4112,575)  (4234,775)  (4250,815)  (4210,815)  (4263,855) 
Ered Luin  (763,356)  (723,395)  (723,355)  (802,396)  (763,316)  (803,316)  (803,356)  (721,315)  (683,365)  (842,396)  (842,436)  (843,311)  (843,351)  (681,325)  (695,275)  (882,391)  (882,431)  (883,329) 
Green Hills  (1686,1009)  (1646,1025)  (1726,971)  (1726,1011) 
sz Baranduin 3  (1915,1143)  (1943,1183)  (1882,1103)  (1958,1223)  (1868,1063)  (1877,1023) 
Glittering Caves  (2724,2664)  (2684,2688)  (2764,2688)  (2674,2728)  (2775,2728)  (2724,2717)  (2704,2768)  (2744,2768) 
sz Baranduin 4  (1867,679)  (1867,719)  (1826,634)  (1827,752)  (1786,621)  (1758,581)  (1837,792) 
West Osgiliath  (4005,3086)  (4005,3046)  (4005,3126)  (4025,3006)  (4033,3166) 
sz Sea of Núrnen  (5221,3442)  (5181,3481)  (5181,3441)  (5260,3482)  (5221,3402)  (5261,3402)  (5261,3442)  (5179,3401)  (5141,3500)  (5141,3460)  (5300,3482)  (5301,3381)  (5301,3421)  (5139,3420)  (5339,3341)  (5101,3498)  (5341,3381)  (5341,3421)  (5099,3458)  (5061,3503)  (5381,3351)  (5381,3391)  (5059,3463)  (5019,3486) 
West Brown Lands  (4117,2139)  (4077,2178)  (4077,2138)  (4156,2179)  (4117,2099)  (4157,2099)  (4157,2139)  (4075,2098)  (4116,2218)  (4076,2218)  (4037,2178)  (4037,2138)  (4196,2179)  (4196,2219)  (4156,2219)  (4036,2219)  (4115,2059)  (4155,2059)  (4195,2059)  (4197,2099)  (4197,2139)  (4035,2098)  (4035,2058)  (4075,2058)  (4235,2049)  (4116,2258)  (4076,2258)  (4236,2179)  (4236,2219)  (4236,2259)  (4196,2259)  (4156,2259)  (4036,2259)  (3996,2259)  (3996,2219)  (4115,2019)  (4155,2019)  (4195,2019)  (4237,2089)  (4237,2129)  (3995,2093)  (3995,2053)  (4035,2018)  (4075,2018)  (4116,2298)  (4076,2298)  (4241,2299)  (4201,2299)  (4161,2299)  (4115,1979)  (4155,1979) 
Lebennin  (3693,3261)  (3733,3261)  (3717,3221)  (3677,3221)  (3653,3261)  (3707,3301)  (3757,3221)  (3703,3181)  (3637,3221)  (3743,3181)  (3613,3261)  (3667,3301)  (3627,3301)  (3747,3301)  (3787,3301)  (3827,3301)  (3714,3341)  (3754,3341) 
Mitheithel Bank  (2673,754)  (2633,793)  (2633,753)  (2712,794)  (2673,714)  (2713,714)  (2713,754)  (2593,793)  (2593,753)  (2691,834)  (2696,674)  (2753,720) 
Anfalas  (2377,3269)  (2337,3308)  (2337,3268)  (2402,3309)  (2417,3235)  (2442,3275)  (2305,3228)  (2362,3348)  (2322,3348)  (2297,3308)  (2297,3268)  (2457,3235)  (2282,3363)  (2482,3275)  (2265,3228)  (2363,3388)  (2323,3388)  (2257,3323)  (2257,3283)  (2497,3221)  (2283,3403)  (2522,3261)  (2327,3428)  (2537,3216)  (2562,3256)  (2562,3296)  (2602,3281) 
sz Icebay of Forochel  (1466,3)  (1426,21)  (1506,0)  (1386,27)  (1546,0)  (1346,9)  (1586,0)  (1626,0) 
Front Porch  (3247,899)  (3207,929)  (3203,889)  (3250,939)  (3290,929)  (3210,969)  (3307,969) 
West Forodwaith  (3134,43)  (3094,82)  (3094,42)  (3173,83)  (3134,3)  (3174,3)  (3174,43)  (3092,2)  (3133,122)  (3093,122)  (3054,82)  (3054,42)  (3213,83)  (3213,123)  (3173,123)  (3053,123)  (3214,0)  (3214,40)  (3052,2)  (3014,83)  (3014,43)  (3253,80)  (3253,120)  (3253,160)  (3213,163)  (3254,0)  (3254,40)  (3012,3)  (2974,93)  (2974,53)  (3293,80)  (3293,120)  (3294,0)  (3294,40)  (2972,13)  (2934,82)  (3333,80)  (3333,120)  (3334,0)  (3334,40)  (2932,42)  (2932,2)  (2894,82)  (3373,80)  (3373,120)  (3374,0)  (3374,40)  (2892,42)  (2892,2)  (3414,0)  (3414,40) 
Dor-en-Ernil  (3177,3357)  (3137,3396)  (3137,3356)  (3216,3397)  (3177,3317)  (3217,3317)  (3217,3357)  (3256,3397)  (3256,3437)  (3216,3437)  (3257,3307)  (3257,3347)  (3296,3448)  (3297,3299) 
Ringló  (3200,3193)  (3160,3172)  (3239,3233)  (3199,3233)  (3210,3153)  (3240,3193)  (3279,3250) 
sz Baranduin 1  (1372,1620)  (1412,1595)  (1355,1660)  (1452,1603)  (1346,1700)  (1492,1607)  (1329,1740)  (1532,1607)  (1317,1780)  (1572,1611) 
sz Baranduin 2  (1704,1436)  (1664,1475)  (1735,1396)  (1775,1368)  (1775,1408)  (1637,1515)  (1815,1355)  (1638,1555)  (1598,1558) 
Baranduin North Bank  (1200,1692)  (1160,1731)  (1160,1691)  (1239,1732)  (1200,1652)  (1240,1652)  (1240,1692)  (1199,1771)  (1159,1771)  (1120,1731)  (1120,1691)  (1244,1772)  (1119,1772)  (1202,1612)  (1242,1612)  (1280,1652)  (1282,1610)  (1204,1811)  (1164,1811)  (1223,1572)  (1263,1570)  (1303,1570) 
Nurn  (4698,3470)  (4742,3464)  (4698,3401)  (4654,3412)  (4742,3385)  (4698,3357)  (4654,3368)  (4698,3514)  (4654,3529)  (4610,3469)  (4610,3425)  (4566,3456)  (4610,3547)  (4610,3381)  (4566,3412)  (4566,3544)  (4742,3341)  (4786,3389)  (4786,3481)  (4742,3508)  (4654,3573)  (4698,3558)  (4742,3552)  (4786,3525) 
Barrow Downs  (2060,1170)  (2020,1209)  (2079,1130)  (2099,1090) 
Minas Morgul  (4249,3074)  (4269,3034)  (4309,3014)  (4289,3074)  (4329,3054)  (4269,3114)  (4309,3114)  (4349,3094) 
Rivendell  (3106,921)  (3066,941)  (3146,941)  (3056,981)  (3157,981)  (3106,972)  (3086,1021)  (3126,1021) 
sz Greyflood 2  (2127,1817)  (2087,1856)  (2167,1778)  (2047,1889)  (2205,1738)  (2018,1929)  (2007,1889)  (1978,1938) 
sz Greyflood 3  (2549,1464)  (2509,1503)  (2587,1424)  (2627,1404)  (2488,1543)  (2448,1564)  (2667,1384)  (2412,1604)  (2696,1344)  (2731,1304) 
sz Greyflood 1  (1863,2160)  (1867,2200)  (1863,2120)  (1827,2202)  (1903,2103)  (1850,2242)  (1810,2248)  (1882,2063)  (1922,2063)  (1826,2288)  (1786,2288)  (1894,2023)  (1934,2023)  (1746,2306)  (1797,2328)  (1706,2332)  (1906,1983)  (1757,2346)  (1717,2372)  (1772,2386) 
Ered Lithui  (4825,2664)  (4785,2703)  (4785,2663)  (4864,2704)  (4825,2624)  (4865,2624)  (4865,2664)  (4783,2623)  (4824,2743)  (4784,2743)  (4745,2676)  (4904,2704)  (4904,2744)  (4864,2744)  (4905,2615)  (4905,2655)  (4743,2636)  (4944,2695)  (4945,2625)  (4703,2673)  (4985,2620)  (4985,2660) 
Plateau of Gorgoroth  (4753,3033)  (4713,3072)  (4713,3032)  (4792,3073)  (4753,2993)  (4793,2993)  (4793,3033)  (4711,2992)  (4752,3112)  (4712,3112)  (4832,3073)  (4815,3113)  (4672,3113)  (4751,2953)  (4791,2953)  (4831,2953)  (4833,2993)  (4833,3033)  (4671,2973)  (4711,2952)  (4728,3152)  (4872,3073)  (4688,3153)  (4648,3153)  (4632,3113)  (4676,2912)  (4893,3113)  (4933,3088)  (4933,3128) 
Isen South Bank  (2056,2678)  (2016,2717)  (2016,2677)  (2095,2718)  (2056,2638)  (2096,2638)  (2096,2678)  (2014,2637)  (2055,2757)  (2015,2757)  (1976,2717)  (1976,2677)  (2135,2718)  (2135,2758)  (2095,2758)  (1975,2758)  (2054,2598)  (2094,2598)  (2134,2598)  (2136,2638)  (2136,2678)  (1974,2637)  (1974,2597)  (2014,2597)  (1936,2718)  (1936,2678)  (2175,2718)  (2175,2758)  (1935,2768)  (2176,2605)  (2176,2645)  (1934,2638)  (1896,2728)  (1896,2688)  (2215,2685)  (2216,2626)  (1856,2744)  (1856,2704)  (2255,2666) 
City of Corsairs  (3321,4873)  (3321,4817)  (3281,4842)  (3361,4842)  (3272,4882)  (3371,4882)  (3301,4922)  (3341,4922) 
Ford of Bruinen  (2964,949)  (3004,926)  (2964,909)  (3004,886)  (2924,976)  (2964,989) 
Sea of Rhûn Coast  (5575,2105)  (5535,2144)  (5535,2104)  (5614,2145)  (5575,2065)  (5615,2065)  (5615,2105)  (5533,2064)  (5574,2184)  (5534,2184)  (5495,2144)  (5495,2104)  (5650,2185)  (5494,2185)  (5573,2025)  (5613,2025)  (5493,2064)  (5524,2024)  (5610,2224)  (5570,2224)  (5455,2145)  (5650,2225)  (5454,2218)  (5564,1985)  (5604,1985)  (5644,1985)  (5610,2264)  (5632,1945) 
Mountains of Shadow  (4363,3197)  (4343,3237)  (4303,3217)  (4323,3177)  (4383,3157)  (4283,3177)  (4403,3217)  (4443,3237)  (4383,3257)  (4483,3257)  (4523,3237)  (4563,3237)  (4423,3277)  (4463,3297) 
South Umbar  (3235,4996)  (3195,5016)  (3195,4976)  (3235,4956)  (3275,4976)  (3275,5016)  (3315,4996)  (3155,4996)  (3355,5016)  (3355,4976)  (3395,4956)  (3395,4996)  (3435,4976)  (3435,5016)  (3475,4996)  (3435,4936)  (3475,4956)  (3515,4976)  (3515,5016)  (3555,4996) 
East Ered Lithui  (5368,2634)  (5328,2673)  (5328,2633)  (5400,2674)  (5368,2594)  (5408,2594)  (5408,2634)  (5326,2593)  (5288,2707)  (5288,2667)  (5448,2565)  (5448,2605)  (5448,2645)  (5286,2627)  (5286,2587)  (5248,2700)  (5488,2565)  (5488,2605)  (5488,2645)  (5246,2660)  (5246,2620)  (5208,2706)  (5528,2564)  (5528,2604)  (5528,2644)  (5206,2666)  (5206,2626)  (5168,2722)  (5568,2563)  (5568,2603)  (5568,2643)  (5166,2682)  (5166,2642)  (5570,2683)  (5608,2568)  (5608,2608)  (5126,2717)  (5126,2677)  (5126,2637)  (5610,2648)  (5648,2571)  (5086,2729)  (5086,2689)  (5086,2649)  (5086,2609)  (5650,2611)  (5650,2651)  (5046,2726) 
Old Forest  (2011,1067)  (1971,1106)  (1971,1066)  (2017,1107)  (2025,1027)  (2051,1067)  (2065,1013) 
West Rhudaur  (2628,574)  (2588,613)  (2588,573)  (2661,614)  (2628,534)  (2668,534)  (2668,574)  (2586,533)  (2621,653)  (2581,653)  (2548,613)  (2548,573)  (2626,494)  (2666,494)  (2706,494)  (2708,534)  (2708,574)  (2541,660)  (2746,487)  (2748,527)  (2748,567)  (2788,498) 
sz Bay of Tolfalas  (3436,3665)  (3475,3705)  (3435,3705)  (3415,3625)  (3455,3625)  (3476,3665)  (3375,3605)  (3515,3705)  (3478,3745)  (3438,3745)  (3415,3585)  (3398,3751)  (3335,3628)  (3335,3588)  (3375,3565)  (3418,3791)  (3302,3668)  (3295,3628)  (3295,3588)  (3365,3525)  (3262,3685)  (3255,3645) 
Dagorlad  (4439,2377)  (4399,2416)  (4399,2376)  (4478,2417)  (4439,2337)  (4479,2337)  (4479,2377)  (4397,2336)  (4438,2456)  (4359,2393)  (4518,2417)  (4518,2457)  (4478,2457)  (4437,2297)  (4477,2297)  (4517,2297)  (4519,2337)  (4519,2377)  (4357,2353)  (4357,2313)  (4397,2296)  (4558,2417)  (4558,2457)  (4558,2497)  (4518,2497)  (4559,2311)  (4559,2351)  (4317,2386)  (4317,2346)  (4317,2306)  (4598,2391)  (4598,2431)  (4598,2471)  (4598,2511)  (4277,2386)  (4277,2346)  (4237,2391) 
Ered Luin Foothills  (1244,1331)  (1204,1370)  (1204,1330)  (1283,1371)  (1244,1291)  (1284,1291)  (1284,1331)  (1202,1290)  (1243,1410)  (1203,1410)  (1164,1370)  (1164,1330)  (1323,1371)  (1300,1411)  (1163,1411)  (1242,1251)  (1282,1251)  (1324,1255)  (1324,1295)  (1162,1290)  (1162,1250)  (1202,1250)  (1260,1450)  (1220,1450)  (1124,1345)  (1363,1335)  (1363,1375)  (1122,1275)  (1122,1235)  (1162,1210)  (1202,1210)  (1258,1490)  (1218,1490)  (1403,1317)  (1403,1357)  (1135,1170)  (1175,1170)  (1443,1317)  (1443,1357) 
South Dunland  (2383,2285)  (2343,2270)  (2383,2245)  (2423,2273)  (2343,2230)  (2423,2233)  (2463,2245)  (2463,2285)  (2441,2193)  (2343,2310)  (2303,2298)  (2303,2258)  (2303,2338)  (2263,2310)  (2383,2325)  (2423,2313)  (2463,2325) 
East Bight  (4143,1367)  (4120,1327)  (4103,1367)  (4160,1327)  (4120,1407)  (4160,1407)  (4183,1287)  (4200,1327)  (4183,1367)  (4200,1407)  (4223,1367)  (4223,1287)  (4240,1407)  (4213,1447)  (4253,1447)  (4263,1367)  (4240,1327)  (4280,1407)  (4293,1447) 
Baranduin East Bank  (1927,591)  (1887,603)  (1887,563)  (1966,631)  (1927,551)  (1967,551)  (1967,591)  (1847,580)  (1847,540)  (2006,632)  (1966,671)  (1807,545) 
Lands of the Bardings  (4453,393)  (4413,432)  (4413,392)  (4461,433)  (4453,353)  (4493,353)  (4493,393)  (4373,434)  (4373,394)  (4533,331)  (4533,371)  (4533,411)  (4573,392) 
East Nurn  (5265,3119)  (5276,3159)  (5236,3079)  (5276,3079)  (5305,3119)  (5225,3039)  (5265,3039)  (5196,3159)  (5169,3119)  (5156,3079)  (5129,3119)  (5156,3159)  (5169,3199)  (5316,3159)  (5295,3199)  (5316,3079)  (5305,3039)  (5236,2999)  (5276,2999)  (5345,3119)  (5185,3239)  (5116,3159)  (5129,3199)  (5145,3239)  (5335,3199)  (5355,3159)  (5355,3079)  (5345,3039)  (5316,2999)  (5375,3199) 
Ered Nimrais  (2671,2838)  (2631,2877)  (2631,2837)  (2710,2878)  (2711,2816)  (2629,2797)  (2670,2917)  (2630,2917)  (2751,2816)  (2602,2757)  (2590,2945)  (2672,2957)  (2632,2957)  (2608,2717)  (2592,2985)  (2552,2994)  (2644,2997) 
Northern Waste  (4813,66)  (4773,105)  (4773,65)  (4852,106)  (4813,26)  (4853,26)  (4853,66)  (4771,25)  (4812,145)  (4772,145)  (4733,105)  (4733,65)  (4892,106)  (4892,146)  (4852,146)  (4732,146)  (4893,0)  (4893,40)  (4731,25)  (4693,106)  (4693,66)  (4932,80)  (4932,120)  (4692,181)  (4933,0)  (4933,40)  (4691,26)  (4653,141)  (4653,101)  (4972,80)  (4972,120)  (4652,181)  (4973,0)  (4973,40)  (4651,61)  (4651,21)  (4613,141)  (4613,101)  (5012,80)  (5012,120)  (4612,182)  (5013,0)  (5013,40)  (4611,61)  (4611,21)  (4573,142)  (4573,102)  (5052,80)  (5052,120)  (4572,185)  (5053,0)  (5053,40) 
Emyn Muil  (3875,2419)  (3835,2432)  (3835,2392)  (3914,2459)  (3875,2379)  (3915,2379)  (3915,2419)  (3874,2472)  (3807,2352)  (3937,2339)  (3955,2379)  (3895,2512)  (3977,2328)  (4017,2338) 
West Mountains of Angmar  (2306,19)  (2266,58)  (2266,18)  (2308,59)  (2346,0)  (2348,40)  (2226,63)  (2226,23)  (2386,0)  (2388,40)  (2186,67)  (2186,27)  (2426,0)  (2428,40)  (2442,80)  (2146,77)  (2146,37)  (2466,0)  (2468,40)  (2482,80)  (2106,40)  (2106,0)  (2506,0)  (2508,40)  (2066,24)  (2546,0)  (2548,40)  (2026,13)  (2586,0)  (2588,40)  (2626,0)  (2628,40)  (2668,25) 
South Ered Luin  (992,1441)  (952,1480)  (952,1440)  (1031,1481)  (992,1401)  (1032,1401)  (1032,1441)  (950,1400)  (991,1520)  (951,1520)  (912,1480)  (912,1440)  (1071,1481)  (1071,1521)  (1031,1521)  (990,1361)  (1030,1361)  (1070,1361)  (1072,1401)  (1072,1441)  (910,1400)  (910,1360)  (950,1360)  (991,1560)  (872,1474)  (1111,1481)  (1111,1521)  (1111,1561)  (1071,1561)  (1031,1561)  (990,1321)  (1030,1321)  (1070,1321)  (870,1434)  (870,1394)  (945,1320)  (1151,1502)  (1151,1542)  (1151,1582)  (1111,1601)  (1071,1601)  (985,1281)  (1025,1281)  (1065,1281)  (992,1241)  (1032,1241)  (1072,1204)  (1018,1201)  (1058,1164) 
Dimrill Dale  (3051,1601)  (3011,1578)  (3071,1561)  (2971,1598)  (3073,1641) 
Ephel Dúath  (4573,3772)  (4533,3811)  (4533,3771)  (4592,3812)  (4613,3746)  (4632,3786)  (4493,3830)  (4493,3790)  (4493,3750)  (4653,3746)  (4672,3786)  (4453,3820)  (4453,3780)  (4453,3740)  (4693,3746)  (4712,3786)  (4413,3810)  (4413,3770)  (4413,3730)  (4733,3741)  (4752,3781)  (4373,3803)  (4373,3763)  (4773,3736)  (4333,3787)  (4813,3731)  (4813,3771)  (4853,3744) 
North Forlindon  (478,489)  (438,528)  (438,488)  (478,449)  (518,449)  (518,489)  (435,568)  (398,528)  (558,412)  (558,452)  (358,558)  (598,387) 
Mindoullin  (3685,3080)  (3673,3040)  (3645,3080)  (3713,3040)  (3725,3080)  (3633,3040)  (3605,3080)  (3618,3120)  (3753,3040)  (3765,3080)  (3658,3120) 
Weather Hills  (2253,603)  (2213,642)  (2213,602)  (2292,643)  (2253,563)  (2293,569)  (2211,562)  (2332,609) 
Swanfleet  (2510,1630)  (2550,1630)  (2519,1590)  (2522,1670)  (2559,1590)  (2482,1670)  (2470,1630)  (2442,1670)  (2599,1590)  (2580,1550)  (2620,1550)  (2613,1510)  (2454,1710)  (2494,1710) 
Mithlond  (1058,961)  (1018,987)  (1018,947)  (1085,1001)  (1058,921)  (1098,925) 
Aldburg  (3431,2774)  (3391,2802)  (3471,2802)  (3382,2842)  (3483,2842)  (3431,2834)  (3411,2882)  (3451,2882) 
Tharbad  (2325,1678)  (2325,1622)  (2285,1650)  (2365,1648)  (2274,1688)  (2376,1688)  (2305,1728)  (2345,1728) 
Eagle's Eyrie  (3248,639)  (3208,672)  (3276,679)  (3217,599)  (3257,599)  (3236,712)  (3246,559) 
Dunharrow  (2954,2757)  (2914,2780)  (2994,2780)  (2906,2820)  (3004,2820)  (2954,2810)  (2934,2860)  (2974,2860) 
Greenfields  (1711,693)  (1671,732)  (1715,653)  (1751,693)  (1791,676) 
West Cardolan  (1937,1457)  (1897,1496)  (1897,1456)  (1976,1497)  (1977,1434)  (2011,1394)  (1857,1505)  (1857,1465)  (2016,1474)  (2017,1434)  (2051,1386)  (1817,1499)  (1817,1459)  (2057,1426)  (2097,1399)  (2097,1439)  (2137,1407) 
Brandywine East Bank  (1940,825)  (1900,848)  (1900,808)  (1979,865)  (1940,785)  (1980,785)  (1980,825)  (1939,888)  (1918,745)  (1958,745) 
East-West Road  (2547,903)  (2507,942)  (2507,902)  (2586,943)  (2547,863)  (2587,863)  (2587,903)  (2505,862)  (2627,871)  (2627,911)  (2465,875) 
Archet  (2223,851)  (2183,877)  (2263,877)  (2172,917)  (2272,917)  (2223,897)  (2203,957)  (2243,957) 
Ethring  (3352,3118)  (3312,3143)  (3392,3143)  (3303,3183)  (3402,3183)  (3352,3172)  (3332,3223)  (3372,3223) 
Michel Delving  (1397,981)  (1357,1006)  (1437,1006)  (1347,1046)  (1448,1046)  (1397,1026)  (1377,1086)  (1417,1086) 
West Methedras  (2683,2198)  (2704,2238)  (2664,2247)  (2665,2158)  (2673,2287)  (2713,2278)  (2705,2128)  (2724,2088)  (2713,2318)  (2698,2358) 
Calembel  (3175,3001)  (3135,3025)  (3215,3025)  (3125,3065)  (3225,3065)  (3175,3055)  (3155,3105)  (3195,3105) 
sz Lhûn  (1230,701) 
Eastfarthing  (1714,843)  (1674,835)  (1733,883)  (1714,803)  (1754,803)  (1754,843)  (1728,923) 
East Osgiliath  (4108,3076)  (4108,3036)  (4108,3116)  (4080,2996)  (4093,3156) 
Fornost  (2094,517)  (2054,541)  (2134,541)  (2046,581)  (2145,581)  (2094,561)  (2074,621)  (2114,621) 
Carnen West Bank  (4961,938)  (4921,946)  (4921,906)  (5000,978)  (4888,866)  (4928,866)  (5036,1018)  (4996,1018)  (4848,881)  (5026,1058) 
Weathertop  (2409,650)  (2369,689)  (2387,610)  (2427,610)  (2449,650)  (2467,600) 
Nenuial Shore  (1867,400)  (1827,439)  (1827,399)  (1906,440)  (1867,360)  (1907,360)  (1907,400)  (1825,359)  (1853,479)  (1865,320)  (1905,320)  (1945,320) 
Drúadan Forest  (3708,2943)  (3668,2960)  (3668,2920)  (3747,2983)  (3748,2916)  (3628,2915)  (3788,2938) 
East Angmar  (2617,371)  (2577,410)  (2577,370)  (2656,411)  (2617,331)  (2657,331)  (2657,371)  (2575,330)  (2612,450)  (2572,450)  (2615,291)  (2697,327)  (2697,367)  (2535,353)  (2535,313)  (2575,290)  (2533,273)  (2573,250) 
North Downs  (2201,420)  (2161,459)  (2161,419)  (2237,460)  (2201,380)  (2241,380)  (2241,420)  (2197,499)  (2184,340)  (2224,340)  (2281,362) 
Carnen East Bank  (5180,1046)  (5160,1002)  (5204,1002)  (5160,1090)  (5140,958)  (5184,958)  (5204,1090)  (5140,1134)  (5184,1134)  (5228,1134)  (5120,914)  (5224,1046)  (5164,914)  (5096,870)  (5228,958)  (5248,1002)  (5136,1046)  (5116,1178)  (5160,1178)  (5204,1178)  (5248,1178) 
Enchanted River  (3973,693)  (3933,732)  (3933,692)  (4006,733)  (4006,653)  (4013,693)  (3893,689)  (4053,696)  (4093,727) 
Dorwinion  (5528,1437)  (5488,1457)  (5568,1457)  (5478,1497)  (5578,1497)  (5528,1497)  (5508,1537)  (5548,1537) 
Gap of Rohan  (2870,2432)  (2886,2392)  (2830,2423)  (2910,2432)  (2926,2370)  (2802,2463) 
Dale  (4249,511)  (4249,471)  (4209,471)  (4289,471)  (4201,511)  (4301,511)  (4229,551) 
Treebeards Hill  (3278,2139)  (3248,2179)  (3288,2179)  (3318,2139)  (3304,2099)  (3208,2179)  (3224,2219) 
Thorin's Halls  (811,215)  (771,236)  (771,196)  (843,255)  (811,175)  (851,176) 
Misty Mountains Foothills  (3415,943)  (3415,983)  (3415,903)  (3455,913)  (3455,953)  (3415,863)  (3375,873)  (3375,913)  (3375,953)  (3455,993)  (3375,833)  (3455,873)  (3375,993)  (3415,1023)  (3375,1033)  (3375,1073)  (3415,1063) 
South Gondor  (3699,3972)  (3659,4011)  (3659,3971)  (3738,4012)  (3699,3932)  (3739,3932)  (3739,3972)  (3657,3931)  (3698,4051)  (3658,4051)  (3619,4011)  (3619,3971)  (3778,4012)  (3778,4052)  (3738,4052)  (3618,4052)  (3697,3892)  (3737,3892)  (3777,3892)  (3779,3932)  (3779,3972)  (3617,3931)  (3617,3891)  (3657,3891)  (3817,3854)  (3698,4091)  (3658,4091)  (3579,4012)  (3579,3972)  (3818,4012)  (3818,4052)  (3818,4092)  (3778,4092)  (3738,4092)  (3618,4092)  (3578,4092)  (3578,4052)  (3697,3852)  (3737,3852)  (3777,3852)  (3819,3894)  (3819,3934)  (3577,3932)  (3577,3892)  (3577,3852)  (3617,3851)  (3657,3851)  (3817,3814)  (3857,3814)  (3857,3854)  (3698,4131)  (3658,4131)  (3539,4012)  (3539,3972) 
East Dale  (4907,701)  (4867,740)  (4867,700)  (4946,741)  (4907,661)  (4947,661)  (4947,701)  (4865,660)  (4906,780)  (4866,780)  (4827,740)  (4960,781)  (4912,621)  (4952,621) 
Lossarnach  (3942,3143)  (3951,3183)  (3948,3103)  (3957,3063)  (3982,3223)  (4022,3236) 
The Angle  (2823,1057)  (2811,1017)  (2851,1017)  (2795,1097)  (2863,1057)  (2783,1057)  (2835,1097)  (2771,1137)  (2811,1137) 
North Brown Lands  (4181,1844)  (4141,1883)  (4141,1843)  (4220,1884)  (4181,1804)  (4221,1804)  (4221,1844)  (4139,1803)  (4180,1923)  (4140,1923)  (4101,1883)  (4101,1843)  (4260,1884)  (4258,1924)  (4100,1924)  (4179,1764)  (4219,1764)  (4259,1764)  (4261,1804)  (4261,1844)  (4099,1803)  (4104,1763)  (4299,1744)  (4061,1884)  (4061,1844)  (4300,1884)  (4148,1724)  (4188,1724)  (4228,1724)  (4301,1784)  (4301,1824)  (4021,1913)  (4021,1873)  (4021,1833)  (4341,1810)  (4341,1850)  (3981,1840) 
Gilrain  (3485,3219)  (3525,3238)  (3485,3259)  (3525,3198)  (3445,3247)  (3445,3287)  (3565,3210)  (3547,3158)  (3405,3274)  (3365,3274)  (3525,3278) 
Lower Lefnui  (2093,3316)  (2053,3355)  (2053,3315)  (2132,3356)  (2093,3276)  (2133,3276)  (2133,3316)  (2051,3275)  (2092,3395)  (2052,3395)  (2013,3355)  (2013,3315)  (2172,3356)  (2172,3396)  (2132,3396)  (2012,3396)  (2091,3236)  (2131,3236)  (2171,3236)  (2045,3235)  (1973,3356)  (2177,3436)  (2107,3196)  (2147,3196) 
Greylin  (3443,362)  (3403,388)  (3483,329) 
Hollin Ridge  (2958,1233)  (2918,1227)  (2908,1267)  (2868,1259)  (2868,1299)  (2828,1287)  (2998,1247)  (3038,1238)  (2948,1273) 
Lands of Dorwinion  (5335,1642)  (5375,1614)  (5375,1654)  (5415,1632)  (5415,1592)  (5455,1602)  (5431,1552)  (5325,1602)  (5335,1682)  (5375,1694)  (5285,1614)  (5295,1654)  (5295,1694)  (5255,1672)  (5245,1632)  (5205,1642)  (5215,1682)  (5205,1722)  (5245,1722)  (5285,1734) 
Greyflood North Bank  (2466,1355)  (2426,1394)  (2426,1354)  (2505,1395)  (2466,1315)  (2506,1315)  (2506,1355)  (2424,1314)  (2461,1434)  (2421,1434)  (2386,1394)  (2386,1354)  (2498,1275)  (2538,1275)  (2546,1315)  (2546,1355)  (2384,1314)  (2578,1265)  (2431,1474)  (2391,1474)  (2586,1305)  (2586,1345)  (2396,1514)  (2626,1324) 
Cair Andros  (3965,2817)  (3935,2777)  (3975,2768)  (3925,2817)  (4005,2808)  (3945,2857)  (3985,2857) 
Snowbourn  (3125,2561)  (3085,2600)  (3085,2560)  (3125,2521)  (3165,2521)  (3165,2561)  (3205,2495)  (3205,2535)  (3245,2501)  (3245,2541) 
North Dale  (4487,553)  (4447,592)  (4447,552)  (4526,593)  (4487,513)  (4527,513)  (4527,553)  (4445,512)  (4486,632)  (4407,607)  (4407,567)  (4566,593)  (4566,633)  (4526,633)  (4567,520)  (4405,527)  (4405,487)  (4606,567)  (4606,607)  (4542,673)  (4365,557)  (4365,517)  (4646,595) 
Fenmark  (3509,2719)  (3469,2731)  (3469,2691)  (3548,2759)  (3509,2679)  (3549,2679)  (3549,2719)  (3429,2729) 
North Ithilien  (4108,2621)  (4068,2634)  (4068,2594)  (4147,2661)  (4108,2581)  (4148,2610) 
Celduin North Bank  (5259,1298)  (5299,1278)  (5299,1318)  (5219,1309)  (5179,1289)  (5339,1298)  (5339,1258)  (5379,1278)  (5419,1289)  (5219,1269)  (5259,1258)  (5299,1238)  (5379,1318)  (5459,1298)  (5499,1289)  (5419,1329)  (5459,1338)  (5499,1329)  (5539,1349)  (5539,1309)  (5539,1269)  (5139,1269)  (5579,1278)  (5579,1318)  (5579,1358) 
sz Gulf of Lhûn  (691,1092)  (651,1131)  (651,1091)  (730,1132)  (691,1052)  (731,1052)  (731,1092)  (649,1051)  (611,1132)  (611,1092)  (770,1132)  (771,1040)  (771,1080)  (609,1052)  (609,1012)  (649,1011)  (571,1144)  (571,1104)  (811,1054)  (569,1064)  (569,1024)  (851,1054)  (529,1033)  (885,1094)  (891,1052)  (931,1044)  (971,1034) 
North Arthedain  (1714,290)  (1674,329)  (1674,289)  (1753,330)  (1714,250)  (1754,250)  (1754,290)  (1672,249)  (1713,369)  (1673,369)  (1634,329)  (1634,289)  (1712,210)  (1752,210)  (1792,210)  (1794,250)  (1794,290)  (1633,389)  (1703,170)  (1743,170)  (1834,238) 
Isengard  (2795,2173)  (2795,2133)  (2755,2153)  (2835,2153)  (2746,2193)  (2845,2193)  (2775,2233)  (2815,2233) 
Harondor  (4238,4024)  (4198,4063)  (4198,4023)  (4277,4064)  (4238,3984)  (4278,3984)  (4278,4024)  (4196,3983)  (4237,4103)  (4197,4103)  (4158,4063)  (4158,4023)  (4317,4064)  (4317,4104)  (4277,4104)  (4157,4104)  (4236,3944)  (4276,3944)  (4316,3944)  (4318,3984)  (4318,4024)  (4156,3983)  (4156,3943)  (4196,3943)  (4356,3906)  (4237,4143)  (4197,4143)  (4118,4064)  (4118,4024)  (4357,4064)  (4357,4104)  (4345,4144)  (4305,4144)  (4157,4144)  (4117,4144)  (4117,4104)  (4236,3904)  (4276,3904)  (4316,3904)  (4358,3946)  (4358,3986)  (4116,3984)  (4116,3944)  (4116,3904)  (4156,3903)  (4196,3903)  (4356,3866)  (4396,3866)  (4396,3906)  (4265,4183)  (4225,4183)  (4078,4064)  (4078,4024) 
Minas Tirith  (3857,3024)  (3857,2974)  (3817,2994)  (3897,2994)  (3808,3034)  (3907,3034)  (3837,3074)  (3877,3074) 
sz Poros  (3860,3682)  (3843,3642)  (3816,3602) 
Rhûn  (5494,1025)  (5538,1039)  (5494,1069)  (5538,995)  (5450,1053)  (5494,981)  (5450,1097)  (5538,951)  (5406,1083)  (5450,1009)  (5582,965)  (5406,1039)  (5362,1069)  (5582,1009)  (5538,1083)  (5582,1053)  (5494,1113)  (5582,921)  (5538,907)  (5494,937)  (5450,965)  (5450,1141)  (5406,1127)  (5362,1113)  (5538,1127)  (5582,1097)  (5494,1157)  (5406,995)  (5538,1171)  (5582,1141) 
Hoarwell  (3053,532)  (3013,571)  (3013,531)  (3069,572)  (3053,492)  (3093,492)  (3093,532) 
North Misty Mountains  (3165,448)  (3125,419)  (3198,488)  (3158,488)  (3117,379)  (3157,379)  (3194,528)  (3127,339) 
Crossroads  (4161,3013)  (4201,3003)  (4161,2973)  (4201,3043)  (4161,3053)  (4190,2933)  (4201,3083) 
Isen North Bank  (1935,2392)  (1979,2372)  (1979,2416)  (1935,2436)  (2023,2392)  (2023,2436)  (2067,2402)  (1935,2348)  (1891,2383)  (1891,2427)  (2067,2446)  (1891,2339)  (1935,2304)  (1979,2328)  (1891,2471)  (1847,2454)  (1847,2410)  (1847,2366)  (1891,2295)  (2111,2392)  (2111,2436)  (2111,2480)  (2155,2461)  (2155,2417)  (1847,2498)  (1891,2515)  (2199,2436)  (2199,2392)  (2199,2480) 
Caras Galadhon  (3333,1690)  (3333,1640)  (3293,1660)  (3373,1660)  (3284,1700)  (3384,1700)  (3313,1740)  (3353,1740) 
West Emnet  (3194,2361)  (3154,2398)  (3154,2358)  (3233,2401)  (3194,2321)  (3234,2321)  (3234,2361)  (3150,2318)  (3193,2438)  (3273,2405)  (3233,2441)  (3201,2281)  (3110,2325)  (3274,2445) 
Coldfells  (3061,664)  (3021,703)  (3021,663)  (3100,704)  (3061,624)  (3101,624)  (3101,664)  (2981,705)  (2981,665)  (3140,704)  (3141,601)  (3141,641) 
Isen  (2420,2435)  (2460,2417)  (2420,2395)  (2380,2405)  (2380,2445)  (2340,2435)  (2340,2395)  (2340,2475)  (2300,2445)  (2300,2485)  (2340,2515)  (2380,2485)  (2420,2475)  (2460,2457)  (2500,2395)  (2500,2435)  (2500,2475)  (2540,2448) 
Anduin Bank  (3663,1426)  (3623,1465)  (3702,1466)  (3636,1386)  (3676,1386)  (3703,1426)  (3716,1373)  (3662,1505)  (3622,1505)  (3641,1346)  (3743,1413)  (3582,1509)  (3681,1333)  (3721,1333)  (3628,1545)  (3641,1306)  (3588,1549)  (3681,1293)  (3548,1569)  (3641,1266)  (3607,1589) 
Annúminas  (1624,545)  (1584,570)  (1664,570)  (1573,610)  (1673,610)  (1624,599)  (1604,650)  (1644,650) 
Elvenkings Halls  (3955,559)  (3955,507)  (3915,530)  (3995,530)  (3906,570)  (4006,570)  (3935,610)  (3975,610) 
River Running Bank  (4682,951)  (4642,990)  (4642,950)  (4721,991)  (4682,911)  (4722,936)  (4640,910)  (4602,988)  (4761,976)  (4761,1016)  (4600,948)  (4600,908)  (4793,936)  (4801,976)  (4801,1016)  (4560,954)  (4560,914)  (4833,927)  (4841,967)  (4841,1007)  (4520,908)  (4881,987)  (4881,1027)  (4921,1051) 
Kingdom of Rhovanion  (4670,1455)  (4647,1499)  (4626,1443)  (4603,1487)  (4714,1487)  (4691,1531)  (4637,1543)  (4593,1531)  (4724,1443)  (4691,1399)  (4647,1399)  (4559,1474)  (4582,1430)  (4603,1386)  (4735,1543)  (4758,1499)  (4768,1455)  (4735,1399)  (4617,1342)  (4661,1355)  (4559,1368)  (4573,1324)  (4779,1555)  (4661,1587)  (4705,1587) 
Southeast Rhûn  (5420,2385)  (5380,2424)  (5380,2384)  (5459,2425)  (5420,2345)  (5460,2345)  (5460,2385)  (5378,2344)  (5419,2464)  (5379,2464)  (5340,2424)  (5340,2384)  (5499,2425)  (5499,2465)  (5459,2465)  (5339,2465)  (5418,2305)  (5458,2305)  (5498,2305)  (5500,2345)  (5500,2385)  (5338,2344)  (5338,2304)  (5378,2304)  (5538,2286)  (5419,2504)  (5379,2504)  (5300,2425)  (5300,2385)  (5539,2425)  (5539,2465)  (5539,2505)  (5499,2505)  (5459,2505)  (5339,2505)  (5299,2505)  (5299,2465)  (5467,2265)  (5540,2326)  (5540,2366)  (5298,2345)  (5298,2305)  (5298,2265)  (5338,2264)  (5378,2264)  (5260,2425)  (5260,2385)  (5579,2406)  (5579,2446)  (5579,2486)  (5259,2543)  (5259,2503)  (5259,2225) 
Henneth Annûn  (4064,2721)  (4064,2681)  (4024,2701)  (4104,2701)  (4024,2741)  (4114,2741)  (4064,2781) 
West Mirkwood  (3727,1613)  (3746,1573)  (3747,1653)  (3706,1670)  (3687,1630)  (3767,1693)  (3727,1710)  (3707,1573)  (3767,1533)  (3666,1682)  (3647,1642)  (3807,1722)  (3807,1503)  (3797,1463)  (3837,1463)  (3767,1733)  (3807,1762) 
South Wilderland  (4714,2186)  (4674,2225)  (4674,2185)  (4753,2226)  (4714,2146)  (4754,2146)  (4754,2186)  (4672,2145)  (4713,2265)  (4673,2265)  (4634,2225)  (4634,2185)  (4793,2226)  (4773,2266)  (4633,2266)  (4712,2106)  (4752,2106)  (4792,2106)  (4794,2146)  (4794,2186)  (4632,2145)  (4662,2105)  (4832,2081)  (4733,2305)  (4693,2305)  (4594,2226)  (4653,2306)  (4702,2066)  (4742,2066)  (4782,2066)  (4834,2121)  (4834,2161)  (4834,2201)  (4653,2346)  (4874,2147)  (4874,2187) 
Crossings of Poros  (4185,3559)  (4145,3594)  (4145,3554)  (4224,3599)  (4185,3519)  (4225,3533) 
Khand  (5493,4030)  (5453,4069)  (5453,4029)  (5532,4070)  (5493,3990)  (5533,3990)  (5533,4030)  (5451,3989)  (5492,4109)  (5452,4109)  (5413,4069)  (5413,4029)  (5572,4070)  (5572,4110)  (5532,4110)  (5412,4110)  (5491,3950)  (5531,3950)  (5571,3950)  (5573,3990)  (5573,4030)  (5411,3989)  (5411,3949)  (5451,3949)  (5611,3912)  (5492,4149)  (5452,4149)  (5373,4070)  (5373,4030)  (5612,4070)  (5612,4110)  (5612,4150)  (5572,4150)  (5532,4150)  (5412,4150)  (5372,4150)  (5372,4110)  (5491,3910)  (5531,3910)  (5571,3910)  (5613,3952)  (5613,3992)  (5371,3990)  (5371,3950)  (5371,3910)  (5411,3909)  (5451,3909)  (5611,3872)  (5492,4189)  (5452,4189)  (5333,4070)  (5333,4030) 
South Ithilien  (4166,3376)  (4126,3415)  (4126,3375)  (4205,3416)  (4166,3336)  (4206,3336)  (4206,3376)  (4124,3335)  (4165,3455)  (4125,3455)  (4236,3456)  (4125,3295) 
Baranduin South Bank  (1665,1693)  (1625,1732)  (1625,1692)  (1704,1733)  (1665,1653)  (1705,1653)  (1705,1693)  (1664,1772)  (1624,1772)  (1585,1732)  (1585,1692)  (1735,1773)  (1584,1773)  (1680,1613)  (1720,1613)  (1745,1653)  (1760,1598)  (1545,1733)  (1545,1693)  (1544,1791)  (1681,1573)  (1721,1558)  (1761,1558)  (1714,1518) 
Desolation of the Morannon  (4226,2478)  (4186,2517)  (4186,2477)  (4266,2443)  (4201,2557)  (4146,2529)  (4306,2433)  (4306,2473)  (4346,2455) 
Rhosgobel  (3774,1173)  (3734,1200)  (3814,1200)  (3724,1240)  (3826,1240)  (3774,1220)  (3754,1280)  (3794,1280) 
Old Ford  (3560,966)  (3520,988)  (3520,948)  (3599,1006)  (3560,926)  (3600,929) 
River of Forlindon  (548,658)  (508,697)  (508,657)  (587,698)  (548,618)  (588,618)  (588,658)  (506,617)  (547,737)  (507,737)  (627,698)  (611,738)  (467,738)  (546,578)  (586,578)  (626,578)  (466,616)  (571,777)  (531,777)  (491,778)  (451,778)  (583,538)  (623,538)  (663,537)  (605,498)  (645,497)  (685,497)  (647,457)  (687,457) 
East Mountains of Angmar  (2837,160)  (2797,174)  (2797,134)  (2876,200)  (2877,132)  (2770,94)  (2810,94)  (2757,164)  (2916,172)  (2916,212)  (2929,252)  (2730,124)  (2730,84)  (2956,140)  (2956,180)  (2969,220)  (2690,129)  (3009,193)  (3009,233) 
North-South Road  (2563,2255)  (2574,2215)  (2534,2215)  (2554,2175)  (2603,2255)  (2594,2295)  (2554,2295)  (2594,2175)  (2614,2215)  (2563,2335)  (2603,2335)  (2514,2175)  (2534,2135)  (2574,2135)  (2574,2375)  (2614,2375) 
sz Upper Anduin 2  (3549,1877)  (3509,1865)  (3589,1889)  (3496,1825)  (3606,1929)  (3640,1969)  (3456,1815)  (3446,1775)  (3623,2009)  (3425,1735) 
sz Upper Anduin 3  (3522,1485)  (3482,1524)  (3545,1445)  (3489,1564)  (3558,1405)  (3449,1573)  (3564,1365)  (3462,1613)  (3567,1325)  (3454,1653) 
Durthang  (4250,2926)  (4228,2876)  (4290,2916)  (4268,2856)  (4272,2966)  (4312,2956) 
Derndingle  (3164,2095)  (3124,2102)  (3124,2062)  (3164,2055)  (3204,2084)  (3124,2142)  (3164,2135) 
sz Upper Anduin 4  (3587,1169)  (3602,1209)  (3571,1129)  (3562,1210)  (3571,1089)  (3600,1250)  (3560,1250) 
sz Upper Anduin 5  (3525,867) 
Blue Mountains  (807,664)  (767,703)  (767,663)  (846,704)  (807,624)  (847,624)  (847,664)  (765,623)  (806,743)  (766,743)  (727,703)  (727,663)  (886,704)  (886,744)  (846,744)  (726,744)  (805,584)  (845,584)  (885,584)  (887,624)  (887,664)  (725,623)  (725,583)  (765,583)  (925,546)  (806,783)  (766,783)  (687,704)  (687,664)  (926,704)  (926,744)  (926,784)  (886,784)  (846,784)  (726,784)  (686,772)  (805,544)  (845,544)  (885,544)  (927,586)  (927,626)  (685,624)  (727,543)  (806,823)  (966,737)  (913,824)  (873,824)  (767,504)  (807,504)  (889,504) 
South Misty Mountains  (2930,1836)  (2970,1845)  (2970,1805)  (2930,1796)  (2890,1824)  (3010,1817)  (2930,1876)  (3010,1857)  (2890,1784)  (2970,1885) 
sz Upper Anduin 1  (3746,2243)  (3706,2214)  (3762,2283)  (3681,2174)  (3754,2323)  (3754,2363)  (3714,2377)  (3757,2403) 
Hobbiton  (1604,863)  (1564,886)  (1644,886)  (1555,926)  (1653,926)  (1604,916)  (1584,966)  (1624,966) 
Methedras  (2888,2020)  (2848,2033)  (2848,1993)  (2888,1980)  (2928,2009)  (2808,2020)  (2808,2060)  (2848,1953)  (2808,1980)  (2928,1969)  (2888,1940)  (2848,2073)  (2888,2060)  (2928,2049)  (2968,2009) 
Pelennor Fields  (3920,2907)  (3960,2916)  (3880,2926)  (3937,2956)  (3960,2996)  (3977,2956) 
Bree Hill  (2172,1004)  (2132,1023)  (2132,983)  (2212,1004) 
Elf Path  (3808,654)  (3768,656)  (3768,616)  (3846,694)  (3808,614)  (3848,614)  (3806,696)  (3728,629)  (3853,734)  (3813,736)  (3780,776) 
Lands of the Éothéod  (3569,608)  (3529,647)  (3529,607)  (3608,648)  (3569,568)  (3609,584)  (3527,567)  (3648,624)  (3588,688)  (3532,527) 
sz Gulf of Umbar  (3038,4866)  (2998,4905)  (2998,4865)  (3077,4906)  (3038,4826)  (3078,4826)  (3078,4866)  (2996,4825)  (3008,4945)  (2958,4939)  (2958,4899)  (3117,4906)  (3117,4946)  (3068,4786)  (3108,4786)  (3118,4826)  (3118,4866)  (2956,4859)  (2956,4819)  (2918,4939)  (2918,4899)  (3157,4906)  (3158,4852)  (2883,4979)  (3197,4892)  (3198,4852) 
Tuckborough  (1637,1129)  (1597,1148)  (1597,1108)  (1669,1169)  (1637,1089)  (1677,1089)  (1677,1129) 
South Enedwaith  (2159,2215)  (2172,2171)  (2203,2215)  (2174,2259)  (2128,2259)  (2115,2215)  (2084,2259)  (2218,2171)  (2189,2127)  (2233,2127)  (2247,2215)  (2218,2259)  (2262,2171)  (2128,2171)  (2145,2127)  (2058,2303)  (2102,2303)  (2146,2303)  (2206,2083)  (2190,2303) 
sz Ethir Anduin  (3641,3581)  (3601,3620)  (3601,3580)  (3641,3541)  (3681,3541)  (3681,3581)  (3561,3648)  (3561,3608)  (3561,3568)  (3721,3512)  (3721,3552)  (3521,3608)  (3521,3568)  (3761,3506)  (3481,3568) 
North Lórien  (3328,1527)  (3368,1517)  (3368,1557)  (3328,1567)  (3288,1547)  (3288,1587)  (3408,1527)  (3378,1597) 
West Ered Nimrais  (2364,2805)  (2324,2844)  (2324,2804)  (2364,2765)  (2404,2765)  (2404,2805)  (2322,2764)  (2421,2845)  (2284,2859)  (2284,2819)  (2444,2774)  (2282,2779)  (2461,2814)  (2465,2854)  (2244,2860)  (2244,2820)  (2484,2774)  (2501,2814)  (2204,2844)  (2524,2767) 
sz Upper Anduin 6  (3454,631) 
Erech  (2875,2972)  (2835,2995)  (2915,2995)  (2824,3035)  (2926,3035)  (2875,3025)  (2855,3075)  (2895,3075) 
East Forodwaith  (5474,220)  (5434,259)  (5434,219)  (5513,260)  (5474,180)  (5514,180)  (5514,220)  (5432,179)  (5473,299)  (5433,299)  (5394,259)  (5394,219)  (5553,260)  (5553,300)  (5513,300)  (5393,300)  (5472,140)  (5512,140)  (5552,140)  (5554,180)  (5554,220)  (5392,179)  (5392,139)  (5432,139)  (5592,102)  (5473,339)  (5433,339)  (5354,260)  (5354,220)  (5593,260)  (5593,300)  (5593,340)  (5553,340)  (5513,340)  (5393,340)  (5353,340)  (5353,300)  (5472,100)  (5512,100)  (5552,100)  (5594,142)  (5594,182)  (5352,180)  (5352,140)  (5352,100)  (5392,99)  (5432,99)  (5592,62)  (5632,62)  (5632,102)  (5473,379)  (5433,379)  (5314,260)  (5314,220) 
Cirith Ungol  (4417,2974)  (4377,2994)  (4457,2994)  (4397,3034)  (4437,3034)  (4417,3074) 
South Forlindon  (327,792)  (287,831)  (287,791)  (366,832)  (327,752)  (367,752)  (367,792)  (285,751)  (326,871)  (286,871)  (247,831)  (247,791)  (406,832)  (406,872)  (366,872)  (325,712)  (365,712)  (405,712)  (251,711)  (326,911)  (286,911)  (408,912)  (368,912)  (291,672)  (331,672)  (371,672)  (411,672)  (247,671)  (328,951)  (413,952)  (373,952)  (287,632)  (327,632)  (367,632)  (407,632)  (445,992)  (405,992)  (248,592)  (472,1032)  (248,552) 
Ost-in-Edhil  (2634,1712)  (2634,1657)  (2594,1682)  (2674,1682)  (2582,1722)  (2684,1722)  (2614,1762)  (2654,1762) 
East Wall of Rohan  (3622,2543)  (3654,2503)  (3662,2543) 
Lhûn Tributary  (1358,599)  (1318,638)  (1318,598)  (1397,639)  (1358,559)  (1398,559)  (1398,599)  (1401,519)  (1438,559)  (1441,516) 
North Enedwaith  (2327,1847)  (2371,1824)  (2371,1868)  (2327,1891)  (2415,1836)  (2283,1858)  (2327,1803)  (2415,1880)  (2415,1792)  (2283,1814)  (2459,1857)  (2371,1780)  (2371,1912)  (2239,1829)  (2239,1873)  (2283,1902)  (2327,1935)  (2415,1924) 
South Lindon  (852,1214)  (812,1253)  (891,1254)  (824,1174)  (864,1174)  (892,1214)  (904,1162)  (851,1293)  (811,1293)  (772,1253)  (895,1294)  (771,1294)  (823,1134)  (932,1202)  (944,1143)  (757,1213)  (731,1294)  (984,1113)  (1024,1085) 
North Rhovanion  (4327,1018)  (4338,1058)  (4298,1070)  (4287,1030)  (4367,1018)  (4378,1070)  (4407,1030)  (4356,978)  (4316,978)  (4276,990)  (4298,938)  (4258,950)  (4276,1110)  (4338,1098)  (4316,1138)  (4378,1110) 
East Rhudaur  (3095,821)  (3135,821)  (3115,781)  (3075,781)  (3055,821)  (3155,781)  (3175,821)  (3066,861)  (3106,861)  (3146,861) 
East Wilderland  (4886,1300)  (4846,1327)  (4886,1340)  (4846,1287)  (4926,1327)  (4806,1314)  (4846,1367)  (4886,1260)  (4834,1247)  (4874,1220)  (4938,1287)  (4926,1247)  (4914,1207)  (4966,1340)  (4978,1300)  (4966,1236)  (4860,1180)  (4900,1380)  (4940,1380) 
Helms Deep  (2826,2652)  (2824,2692)  (2866,2637) 
Tolfalas  (3342,3712) 
Haradwaith  (4435,4700)  (4435,4656)  (4479,4689)  (4391,4669)  (4391,4713)  (4347,4689)  (4479,4645)  (4435,4612)  (4391,4625)  (4523,4656)  (4435,4744)  (4479,4601)  (4523,4612)  (4347,4645)  (4435,4568)  (4479,4557)  (4391,4581)  (4479,4733)  (4523,4700)  (4523,4568)  (4347,4601)  (4567,4588)  (4567,4632)  (4567,4676) 
West Ephel Dúath  (4353,3496)  (4313,3535)  (4313,3495)  (4392,3536)  (4353,3456)  (4393,3456)  (4393,3496)  (4311,3455)  (4352,3575)  (4312,3575)  (4432,3536)  (4432,3576)  (4392,3576)  (4351,3416)  (4391,3416)  (4277,3415)  (4352,3615)  (4312,3615)  (4472,3553)  (4472,3593)  (4432,3616)  (4392,3616)  (4317,3376)  (4357,3376)  (4397,3376)  (4274,3375)  (4272,3632)  (4352,3655)  (4312,3655)  (4438,3656)  (4398,3656)  (4314,3336)  (4354,3336)  (4315,3695)  (4305,3296) 
North Rhûn  (5212,701)  (5256,721)  (5192,745)  (5236,765)  (5300,745)  (5276,677)  (5168,681)  (5232,657)  (5280,789)  (5324,809)  (5188,637)  (5344,765)  (5148,725)  (5172,789)  (5216,809)  (5324,701)  (5260,833)  (5124,661)  (5144,617)  (5104,705)  (5304,853)  (5368,829)  (5388,785)  (5348,873) 
Cerin Amroth  (3182,1559)  (3182,1507)  (3142,1531)  (3222,1531)  (3130,1571)  (3233,1571)  (3162,1611)  (3202,1611) 
North Lindon  (768,924)  (728,963)  (728,923)  (807,964)  (808,886)  (726,883)  (688,970)  (688,930)  (847,926)  (847,966)  (848,886)  (686,890)  (686,850)  (849,1006)  (648,946)  (887,926)  (887,966)  (888,884)  (646,906)  (646,866)  (646,826)  (608,946)  (927,924)  (927,964)  (606,871) 
Hoarwell Bank  (2837,604)  (2797,643)  (2856,644)  (2824,564)  (2864,564)  (2877,604)  (2904,537)  (2803,683)  (2855,524)  (2917,577) 
Shirebourn  (1778,1107)  (1817,1147)  (1777,1147)  (1760,1067)  (1800,1067)  (1818,1107)  (1787,1027) 
South Nurn  (5260,3589)  (5220,3628)  (5220,3588)  (5260,3549)  (5300,3554)  (5300,3594)  (5218,3548)  (5180,3645)  (5180,3605)  (5340,3537)  (5340,3577)  (5178,3565)  (5356,3617)  (5374,3496)  (5140,3655)  (5140,3615)  (5380,3536)  (5380,3576)  (5138,3575)  (5396,3616)  (5414,3462)  (5100,3652)  (5420,3502)  (5420,3542)  (5098,3612)  (5098,3572)  (5436,3582)  (5454,3440)  (5060,3652)  (5460,3480)  (5460,3520)  (5058,3612)  (5058,3572)  (5476,3560)  (5476,3600)  (5494,3404)  (5020,3658)  (5500,3444)  (5500,3484)  (5018,3618)  (5018,3578)  (5516,3524)  (5516,3564)  (5516,3604)  (5533,3644)  (5534,3389)  (4984,3538)  (4980,3677)  (5540,3429)  (5540,3469)  (4978,3637)  (4978,3597) 
Lhûn East Bank  (1320,782)  (1280,821)  (1280,781)  (1359,822)  (1320,742)  (1360,742)  (1360,782)  (1278,741)  (1319,861)  (1279,861)  (1240,821)  (1399,822)  (1239,862)  (1379,702)  (1400,742)  (1400,782)  (1419,685) 
Esgaroth  (4282,647)  (4282,591)  (4242,607)  (4322,607)  (4233,647)  (4333,647)  (4262,687)  (4302,687) 
West Wilderland  (3561,1741)  (3521,1763)  (3521,1723)  (3600,1781)  (3561,1701)  (3601,1724)  (3502,1683)  (3640,1764)  (3640,1804)  (3600,1821)  (3542,1661) 
Fornost Road  (2102,780)  (2062,819)  (2062,779)  (2141,820)  (2102,740)  (2142,740)  (2142,780)  (2060,739)  (2101,859)  (2061,859)  (2100,700)  (2140,700)  (2122,899)  (2082,899)  (2079,939) 
Lands of the Lossoth  (4321,47)  (4281,86)  (4281,46)  (4360,87)  (4321,7)  (4361,7)  (4361,47)  (4279,6)  (4320,126)  (4280,126)  (4241,86)  (4241,46)  (4400,87)  (4400,127)  (4360,127)  (4401,0)  (4401,40)  (4239,6)  (4201,88)  (4201,48)  (4440,80)  (4441,0)  (4441,40)  (4199,8)  (4161,64)  (4480,80)  (4481,0)  (4481,40)  (4159,24)  (4521,31) 
Northeast Rhûn  (5559,694)  (5599,714)  (5559,734)  (5599,674)  (5559,654)  (5519,714)  (5519,674)  (5479,694)  (5479,654)  (5519,634)  (5559,614)  (5599,634)  (5519,594)  (5479,614)  (5439,674)  (5439,634)  (5439,594)  (5479,574)  (5519,554)  (5559,574)  (5599,594) 
